1 21
2 8
3 6
4 24
5 5
6 8 21
7 8
8 4
9 9
10 5
11 11
12 22
13 8
14 8 39
15 8
16 5
17 24
18 8
19 24
20 21
21 8
22 24
23 8
24 19 24 30
25 3
26 8
27 11 22
28 1 2
29 8
30 19 30
31 5 9 22
32 1
33 18
34 8
35 8
36 1 6
37 1 3 8 19
38 4
39 36
40 8
41 19 24
42 5
43 5
44 8
45 2
46 7 15 16
47 19
48 2
49 19
50 23
51 19
52 8 25
53 23
54 19 24
55 8
56 6
57 8
58 8
59 32
60 29
61 6 11
62 23
63 6 13 17
64 11
65 24
66 7 8 9 11 21
67 30
68 13 17 30
69 3
70 24
71 24
72 24
73 21
74 2
75 5 18 22
76 12 27
77 2 11
78 8 16
79 13 17
80 24
81 23
82 5 6
83 5 14 32 35
84 1 3
85 16
86 3 19 24
87 6 7
88 23
89 13 17
90 10
91 10 31
92 9
93 16
94 7
95 19 24
96 6
97 21
98 6 19 24
99 8 24
100 36
101 4 5
102 24
103 4 19 36
104 10
105 5 13 17
106 4
107 31
108 8 11
109 30
110 8
111 24
112 7 22
113 5 11
114 16
115 31
116 11
117 8 34
118 8
119 3
120 8
121 3
122 23
123 2 3
124 2 11
125 24
126 2 14 15
127 7
128 9 19
129 1 6 8 11 16
130 23
131 4 22
132 19
133 27
134 21
135 8 19
136 3
137 21
138 1
139 22
140 3
141 2 14
142 9
143 4 16
144 10
145 19
146 4
147 8 23 30
148 18 24
149 4 8
150 10
151 18
152 33 34
153 8 24
154 24
155 8
156 4
157 8
158 8
159 26
160 7
161 29
162 3
163 26
164 8 11
165 6
166 2
167 3 6
168 7 22 25 30
169 1
170 14
171 20 31
172 1 19 20
173 26
174 8 10 19 23 24
175 9
176 6 7 18
177 7 22
178 5
179 11
180 26
181 7
182 8
183 8
184 8
185 13 17
186 26 31
187 4 7 18 22
188 11 32
189 5 18
190 18 26
191 8
192 13 17 19 24 25
193 22
194 13 17
195 5 11
196 3
197 26
198 23
199 5 20
200 8 24
201 22
202 8
203 31 32
204 36
205 8 21
206 27
207 19 35
208 2 5
209 26
210 8
211 34
212 16
213 2
214 8 30
215 8
216 32
217 24
218 1 30
219 5 8 10 11 14 19
220 5
221 8 24 34
222 8
223 24
224 8
225 2 6 8
226 8
227 13 17
228 8
229 10 23
230 26
231 8 24
232 5 18 22
233 8
234 30 34
235 13 17
236 8
237 13 17
238 13 17
239 30
240 3 16 30
241 27
242 8
243 7 24
244 21
245 11
246 30
247 30
248 13 17
249 9 30
250 8
251 24
252 19
253 21
254 8
255 5
256 30
257 11
258 20
259 21
260 5 36
261 21
262 7 8 11
263 6
264 8
265 18 19
266 2 10 32
267 6 24
268 8
269 3
270 19
271 8 20
272 3
273 7
274 2 8
275 8
276 1 2
277 8
278 10
279 22
280 19 22 30
281 6
282 5
283 34
284 24
285 24 30
286 16 20
287 2 24 30
288 5
289 21 23
290 20
291 6
292 20
293 7 22 30
294 24
295 16 25 34
296 2 13 17
297 19
298 5
299 24
300 7 16 25
301 6 22 24
302 2 14 26
303 13 17
304 2
305 2 19 30
306 30
307 8
308 23
309 8
310 5 13 17
311 2
312 5
313 20
314 8
315 8 19
316 1 30
317 3
318 1 2 13 17
319 5
320 34
321 8 23
322 2 19
323 20
324 6 9 32
325 30
326 8
327 20
328 8 13 17
329 2
330 6
331 5
332 5 13 17 25
333 2
334 5 13 17
335 8 30
336 8
337 2 5 11
338 24 25
339 2
340 16
341 8
342 24
343 11 16 18
344 8 26
345 1
346 2
347 24
348 13 17
349 2 8 32
350 3 6 7 13 17
351 5
352 13 17
353 24
354 30
355 19
356 5
357 6 9
358 24
359 1 19 24 30
360 30
361 8
362 2 6 10
363 26
364 5 7 32
365 8
366 30
367 11 21
368 8
369 11
370 16
371 4
372 11
373 8
374 8 11
375 2 10
376 5
377 2
378 5 26
379 26
380 6
381 26
382 11
383 6 18
384 32
385 2
386 7
387 9
388 5 8
389 9 16 18 25
390 30
391 1
392 5 13 17
393 8
394 1 6
395 24 30
396 11
397 2
398 8
399 24 30
400 8 26
401 5
402 27
403 23
404 16
405 2 10 26
406 5
407 8
408 8
409 7 8
410 13 17 34
411 3 5
412 18
413 8 24
414 19
415 6 10
416 8 13 17
417 11
418 11 13 17
419 8
420 8
421 19 24 30
422 20
423 31 32
424 2
425 16
426 7
427 2
428 24
429 1 8 19
430 11
431 13 17
432 8
433 8
434 8 35
435 19
436 19 24
437 13 17
438 9 26
439 8 11
440 8 19
441 21
442 8
443 6 8
444 20
445 3 6
446 19
447 6 7 31 34
448 9
449 8 19 29
450 32
451 24
452 3 5
453 5
454 7
455 23
456 23
457 2
458 8 19
459 32
460 3
461 19 24
462 4 5
463 2 8
464 7 8
465 26 29
466 18
467 16
468 13 17
469 9
470 5
471 13 17 24
472 5
473 2 11 18
474 11
475 18
476 13 16 17 22
477 24
478 6
479 2 7
480 24
481 26
482 3 11 35
483 5 13 17
484 16 22 24
485 16
486 5 24
487 6 21
488 4 6 22
489 8 11
490 7
491 2 20 32
492 19 24
493 20
494 16
495 8
496 3
497 5
498 2 6
499 8
500 16
501 8
502 2
503 8 24 30
504 12
505 3 5 6 11
506 1 24
507 2 5 9 16 20 32
508 8 10 23
509 5
510 19 24 30
511 20
512 20
513 23
514 5
515 18 20
516 8 30
517 8
518 5
519 8 22
520 8
521 18
522 13 17
523 16 30
524 8
525 11
526 8 11
527 2 22
528 8 20
529 2
530 13 17
531 8
532 2
533 23
534 27
535 19 22
536 9 11
537 26
538 7
539 2 10
540 8 19
541 24 30
542 16 23 24
543 2
544 5 8 19
545 8 35
546 7 11
547 8
548 8
549 3
550 2 13 17
551 26
552 9
553 6
554 18
555 8
556 8 19
557 26
558 6
559 22
560 2 36
561 8 24 30
562 6
563 20
564 10
565 36
566 1 4
567 7
568 13 17
569 8
570 27
571 10
572 7
573 7
574 8 24
575 19
576 3 10 27
577 7
578 8
579 27
580 13 17
581 18
582 26
583 8
584 7 20
585 5 19 20
586 2
587 4 5 13 17
588 8
589 4 10 20 31 32
590 26
591 10
592 1 9
593 15
594 2
595 1 8 29
596 8 25
597 11
598 5 8 26 32
599 22
600 7
601 2
602 8
603 11
604 15 16 19
605 6
606 13 17
607 2 8 18 28 32
608 22
609 30
610 8
611 6
612 5 13 17
613 27
614 26
615 2
616 2
617 7 19 22
618 5 13 16 17 30
619 4
620 8
621 1 2 9 13 17 20 23 26
622 8
623 5
624 2 20 30
625 10
626 6 22
627 11 14
628 1
629 22
630 31
631 8
632 10
633 5
634 13 17
635 30
636 30
637 7
638 2
639 24
640 24 30
641 8 18
642 3
643 31
644 5
645 16 32
646 4 32
647 8 14 19
648 2
649 16 20 27 32
650 30
651 5
652 29
653 24
654 4 9 18 33
655 6
656 13 17
657 2
658 8
659 32
660 3
661 24
662 7
663 24
664 27
665 10
666 30
667 13 17
668 19 24
669 2 6 26
670 24
671 2 13 17
672 24
673 8
674 8
675 16
676 6 16 24
677 2
678 19 24
679 3 35
680 23
681 2 18
682 4 10
683 9
684 8
685 8
686 11
687 5 15 20 26
688 5
689 11
690 13 14 17
691 8 39
692 22
693 10 11
694 13 17
695 7
696 11
697 2 8
698 5 8
699 24
700 8
701 2 32
702 8 16
703 8
704 19 24
705 22
706 24
707 6
708 4 6 22
709 30
710 5
711 3
712 31 32
713 13 17 18 33
714 26
715 3
716 11
717 3
718 8 35
719 6 10 12 24
720 24
721 8
722 26
723 9
724 2
725 8 21
726 18
727 30
728 1 30
729 2 20
730 8
731 8
732 5
733 32
734 13 17
735 16 18 21 24
736 5 13 17 24
737 5 24
738 24
739 6 7 10 11 12 14 22 32
740 8
741 7
742 1 6 10 18
743 13 17
744 3 23
745 19 24
746 8
747 7
748 20
749 1
750 7
751 3
752 13 17
753 10
754 19 24
755 5 8
756 7 8
757 26
758 8
759 3
760 6
761 8
762 5
763 2
764 14
765 11
766 4 8
767 9 24
768 19 24
769 10
770 18
771 23
772 4
773 2 32
774 8
775 2
776 26
777 19
778 24
779 2 8 10 34
780 8 19 24
781 7 19 24
782 23
783 16
784 11
785 24 30
786 3 26 34
787 6
788 20
789 30
790 24
791 9
792 6 13 17
793 13 17
794 3 9
795 24
796 5 10
797 1 22
798 2 11
799 2
800 8
801 18
802 2 9
803 1 5 11 20
804 23 24
805 3 11 34
806 7 8 11 13 17 22
807 8
808 6
809 14
810 7 22
811 2 6 27 32
812 18 25
813 21
814 2
815 6 10
816 23
817 24 28
818 19 22 30
819 22
820 8
821 9
822 7
823 3 21
824 7
825 8 16
826 8
827 2 6
828 5
829 8
830 10
831 1 30
832 7 13 17
833 6
834 15
835 3
836 22
837 4
838 18 26
839 7
840 12
841 2
842 4 9
843 26
844 24
845 16
846 26
847 19 24
848 13 17 22
849 2
850 8
851 28
852 9
853 18
854 21
855 8
856 2
857 22
858 26
859 6
860 24
861 34
862 5
863 5 18 22
864 32
865 35
866 6 27
867 11 19 24
868 2 3 7 12 13 14 17 20 24 28 32
869 8
870 5
871 8
872 30
873 20 35
874 7
875 10
876 11
877 26 32
878 9
879 5 8 10
880 9 18
881 32
882 24
883 18
884 8
885 11
886 2
887 5 19 22
888 21
889 32
890 2
891 3
892 29
893 20
894 5 10
895 5 13 17
896 1 7
897 35
898 32
899 8
900 11
901 1 11 19 24
902 8
903 2
904 1 3 18
905 32
906 2 31
907 9
908 8 10 32
909 7
910 11
911 19
912 1 30
913 5 26
914 33
915 10
916 10
917 7 11 13 15 17 33
918 3 26 30
919 5 19 24
920 8 28
921 2
922 8 10 11 19 26
923 18
924 3
925 2 11
926 2
927 2 10
928 20
929 6 11 13 14 17 18 26 28
930 8
931 5
932 6
933 26
934 8
935 7 8
936 6
937 10 32
938 20
939 5
940 2
941 12
942 19 24
943 3
944 6 7 14 23 34
945 23
946 30 34
947 8
948 5
949 26
950 19 24
951 24
952 4
953 14
954 24
955 14
956 5
957 3 6
958 21
959 4
960 8
961 2 32
962 26
963 24
964 8 10 19
965 2
966 26
967 5 14
968 24
969 3 5 8 13 17
970 2
971 3
972 2
973 30
974 8 23
975 5
976 15
977 8
978 5 19
979 2
980 8 10
981 8
982 24
983 2 10
984 6
985 8
986 5 8 19
987 3 33
988 13 17 20 32
989 6 19 26
990 2
991 5 6 7 24
992 8 11
993 4
994 24
995 8
996 10
997 8 14 19 25
998 3 7 13 14 17 34
999 11 13 17
1000 26
1001 24
1002 14
1003 6
1004 32
1005 3
1006 5
1007 20
1008 8
1009 6
1010 2 10
1011 23
1012 5
1013 5
1014 13 17 24
1015 9
1016 19
1017 5
1018 1 2 6
1019 8
1020 2
1021 6 10 20
1022 8
1023 7 34
1024 5
1025 2
1026 2 14
1027 13 17
1028 7
1029 14
1030 8 10 27
1031 11
1032 7
1033 1 7 10
1034 5
1035 8
1036 2
1037 2 3
1038 11
1039 3
1040 7
1041 4
1042 10 19 24 25
1043 2
1044 19
1045 8 23
1046 7 8
1047 31 32
1048 20 32
1049 21
1050 28 32
1051 5
1052 20
1053 37
1054 3 14
1055 5
1056 5 24
1057 5
1058 8
1059 6
1060 8
1061 8 23
1062 36
1063 26
1064 7 22
1065 8
1066 3 7
1067 30
1068 20
1069 23
1070 4 15
1071 5
1072 6 13 17
1073 5 19 24
1074 5
1075 8 24
1076 2 5
1077 3
1078 8 10
1079 1
1080 19 24
1081 3
1082 10
1083 9
1084 13
1085 11
1086 3 6
1087 18 22
1088 5 13 17
1089 4 8 20
1090 5
1091 29
1092 8 11
1093 4 13 17 24
1094 10
1095 6
1096 7
1097 2 6 29
1098 14
1099 8
1100 5
1101 6
1102 8
1103 5
1104 21
1105 8
1106 24
1107 7 22
1108 2 10
1109 27
1110 2 8
1111 21
1112 7
1113 5 20
1114 26
1115 6
1116 30
1117 23
1118 8
1119 8
1120 14
1121 24
1122 2
1123 24
1124 16 19
1125 11
1126 2
1127 11 22
1128 8
1129 2 8
1130 19 24
1131 29
1132 5 24
1133 33
1134 6 11 14
1135 22
1136 8
1137 2 8
1138 19
1139 2 7 11 13 17 18
1140 22 30
1141 20 32
1142 24
1143 3
1144 5
1145 13 17
1146 5 11
1147 8 13 17
1148 27
1149 8
1150 3
1151 8
1152 11
1153 2 7 8
1154 2
1155 8
1156 1
1157 5
1158 3 8
1159 4 5 8 14 34
1160 19 24
1161 5
1162 8
1163 8
1164 3 21
1165 26
1166 2
1167 6
1168 26
1169 11
1170 5
1171 23
1172 20 28 32
1173 3 10 26
1174 6
1175 8
1176 18
1177 30
1178 7
1179 1 32
1180 4 5 31
1181 26
1182 24
1183 8
1184 8
1185 8
1186 8
1187 25
1188 7 33
1189 5
1190 8
1191 5
1192 8
1193 22
1194 22
1195 24
1196 8 11 19 24
1197 5
1198 2
1199 3
1200 3
1201 18
1202 8 11
1203 2 32
1204 2
1205 14
1206 5 21
1207 8 30
1208 4 8
1209 11 22
1210 8
1211 2
1212 7
1213 26
1214 24
1215 2 10
1216 26
1217 8
1218 2
1219 2
1220 2
1221 5
1222 24 35
1223 8
1224 3 11
1225 2 8
1226 8 24
1227 20
1228 8
1229 11
1230 6 8
1231 8
1232 3 6
1233 8 18
1234 8
1235 3 10
1236 11
1237 5
1238 2 3
1239 6
1240 19 24
1241 20
1242 27
1243 25
1244 5 13 17
1245 9
1246 14
1247 30
1248 2
1249 5 7
1250 35 39
1251 23
1252 26
1253 6
1254 8 30
1255 8 10
1256 5
1257 20
1258 11
1259 4 5
1260 14
1261 5
1262 6 9
1263 8 19
1264 13 17
1265 13 17 24
1266 19
1267 2 19 32
1268 24
1269 6 24
1270 4 5
1271 9 18
1272 5 8
1273 9 23
1274 30
1275 8 11
1276 31
1277 19
1278 10
1279 23
1280 19
1281 5
1282 10
1283 3
1284 8
1285 8
1286 6 18 22
1287 34
1288 6
1289 19
1290 24
1291 20
1292 2 8 10
1293 8
1294 26
1295 3
1296 8 13 17
1297 4 20
1298 8
1299 3
1300 6
1301 32
1302 10
1303 3
1304 2
1305 22
1306 7
1307 3
1308 8 9 32
1309 10 32
1310 30
1311 8 19
1312 8
1313 9
1314 14
1315 31
1316 24
1317 8
1318 8
1319 5 13 17
1320 3
1321 21
1322 18
1323 24
1324 5 11
1325 3 13 17
1326 2
1327 8
1328 8 15 16 22 24
1329 21
1330 8
1331 24
1332 8 11
1333 5
1334 6
1335 8
1336 33
1337 22 24
1338 32
1339 23
1340 22
1341 16
1342 6
1343 20
1344 39
1345 20
1346 13 17 26
1347 11
1348 6
1349 3
1350 5
1351 23
1352 11
1353 6
1354 5
1355 5
1356 24
1357 32
1358 19 24
1359 19 24
1360 13 17 19
1361 24
1362 20
1363 8
1364 8 9
1365 8
1366 5
1367 24 25
1368 24
1369 10
1370 23
1371 24
1372 26
1373 5
1374 19
1375 13 17
1376 6
1377 3 6 21 24
1378 30
1379 35
1380 2 10
1381 8
1382 13 17
1383 19 24
1384 8
1385 18
1386 19 24
1387 2
1388 13 17
1389 9
1390 19
1391 24
1392 19 25
1393 2
1394 2 5
1395 19 24
1396 14
1397 1
1398 3 9 21 32
1399 26
1400 8 9 13
1401 24
1402 8
1403 13 17
1404 8
1405 5
1406 30
1407 26
1408 3 6 7
1409 26
1410 19 30
1411 30
1412 10 19
1413 7
1414 8
1415 2 6
1416 9
1417 3 8
1418 16
1419 21
1420 3 6
1421 6 16 24
1422 24
1423 8
1424 24 30
1425 13 17
1426 9
1427 2
1428 2
1429 2
1430 3
1431 3
1432 2
1433 2 3 6 11 14
1434 6 9
1435 7 8 19
1436 11
1437 10
1438 8
1439 1 7 22
1440 2
1441 3 6 22 24 27
1442 5
1443 32
1444 6
1445 3
1446 19
1447 8
1448 8
1449 8
1450 21 24
1451 8
1452 11
1453 4
1454 2
1455 18
1456 8 24
1457 24
1458 20
1459 8 18
1460 20
1461 2
1462 24 30
1463 14
1464 19 22
1465 39
1466 8
1467 24
1468 6 23
1469 5
1470 8 11
1471 18 30
1472 19
1473 6 9 31
1474 3 28
1475 31
1476 19
1477 4 8
1478 7
1479 8
1480 5 23
1481 2
1482 2 10
1483 11
1484 9
1485 30
1486 5
1487 11
1488 2
1489 9
1490 5
1491 10 18
1492 8
1493 8 30
1494 3 6 20
1495 8
1496 7
1497 19
1498 8
1499 24
1500 32
1501 8
1502 23
1503 7 11
1504 22
1505 6 14
1506 7
1507 24
1508 24
1509 16 19
1510 2
1511 4
1512 7 19
1513 2 9
1514 5
1515 5
1516 7
1517 21
1518 2 8 21
1519 24 32
1520 9
1521 10
1522 2 3 9
1523 6
1524 19
1525 7
1526 8
1527 32
1528 8
1529 4 22
1530 23
1531 19 24
1532 8 30
1533 7
1534 2 32
1535 8 24
1536 5
1537 31
1538 1
1539 34
1540 8
1541 8 23
1542 8 35
1543 5
1544 9
1545 30
1546 2
1547 8 10
1548 11
1549 5
1550 35 39
1551 8 11
1552 10
1553 32
1554 7
1555 24 34
1556 10
1557 26
1558 8
1559 8
1560 32
1561 8
1562 8
1563 22
1564 23
1565 19
1566 8 22
1567 31
1568 11
1569 5
1570 23
1571 9
1572 16
1573 6 8
1574 10
1575 9
1576 22
1577 9
1578 3 8 16
1579 35
1580 9
1581 23
1582 30
1583 2
1584 3
1585 24 26
1586 5
1587 2 32
1588 3
1589 8 15
1590 13 17
1591 8
1592 5
1593 4
1594 14
1595 26
1596 8
1597 8
1598 4 22 26 32
1599 30
1600 6 8 22
1601 9
1602 8
1603 8
1604 3
1605 8 20
1606 22
1607 7
1608 2
1609 8
1610 5 11 13 15 17
1611 8
1612 2
1613 35
1614 11
1615 13
1616 24
1617 23
1618 32
1619 23
1620 8
1621 23
1622 7
1623 13 17
1624 5
1625 31
1626 6 13 17
1627 2
1628 32
1629 8
1630 11
1631 10
1632 8
1633 9
1634 8
1635 3
1636 9 29
1637 1
1638 5
1639 2
1640 10
1641 8 10 19
1642 9
1643 3
1644 1 5 7 8 22 24 30
1645 13 17
1646 8
1647 1
1648 5
1649 19
1650 7
1651 30
1652 7
1653 10
1654 21
1655 21
1656 8
1657 24
1658 8 32
1659 20
1660 8
1661 8
1662 8
1663 19
1664 1 24
1665 5 8 24
1666 5
1667 23
1668 5
1669 2
1670 21
1671 8
1672 30
1673 14
1674 2 10
1675 5
1676 2
1677 18
1678 10 19 22 24 30
1679 32
1680 10
1681 3 5
1682 21
1683 19
1684 3
1685 4
1686 3
1687 9
1688 5
1689 5
1690 23
1691 18
1692 22
1693 8 32
1694 7
1695 8
1696 30
1697 2
1698 8
1699 11
1700 2
1701 5
1702 18
1703 24
1704 5
1705 24
1706 8 20 22 23
1707 2 10
1708 8
1709 8
1710 30
1711 30
1712 24
1713 8
1714 8 23
1715 24
1716 3
1717 18
1718 3
1719 18
1720 3
1721 5
1722 21
1723 8
1724 3 5 6 11 32 36
1725 2 6 10
1726 5
1727 20
1728 8
1729 4
1730 27
1731 2
1732 5 10
1733 3
1734 7 22
1735 3
1736 13 17
1737 8 21
1738 24
1739 8
1740 2 11
1741 8
1742 16
1743 8 30
1744 18
1745 6 9 11
1746 7
1747 7
1748 2
1749 20
1750 9
1751 2
1752 8
1753 30
1754 24
1755 5 8 32
1756 24
1757 8
1758 8 19 24
1759 6
1760 27
1761 8
1762 37
1763 8 19 20 32
1764 2
1765 6 18
1766 8
1767 20
1768 5
1769 9 35
1770 8
1771 3 8
1772 27
1773 3 5
1774 16
1775 8
1776 20
1777 22
1778 30
1779 8
1780 24
1781 32
1782 22
1783 24
1784 26
1785 8
1786 8
1787 1 2
1788 16
1789 9
1790 19 24
1791 13
1792 31
1793 3
1794 14
1795 8 16 19 30
1796 21
1797 19 24
1798 8
1799 18 19
1800 8
1801 26
1802 27
1803 5
1804 2
1805 14
1806 24
1807 10
1808 20
1809 8
1810 3 23
1811 2 7
1812 8 24
1813 23
1814 24
1815 18
1816 2
1817 10
1818 27
1819 27
1820 9
1821 8
1822 7
1823 5
1824 24
1825 11
1826 2 3 7
1827 11
1828 10
1829 19 30
1830 8
1831 5 13 17
1832 2
1833 5
1834 8
1835 7
1836 24
1837 11
1838 21
1839 2
1840 32
1841 21
1842 5
1843 2
1844 8
1845 8
1846 6 8 30
1847 11
1848 8
1849 5 14 24
1850 20
1851 6 29 37
1852 2
1853 8
1854 8
1855 30
1856 2 3
1857 30
1858 20
1859 19
1860 5
1861 7 13 17 36
1862 10
1863 10
1864 3
1865 30
1866 37
1867 7 13 17
1868 4 8
1869 35
1870 6 22
1871 8 11 23
1872 24
1873 24
1874 2
1875 32
1876 13 17
1877 5
1878 11
1879 8
1880 24
1881 5
1882 30
1883 5
1884 30 32
1885 8
1886 32
1887 8 9 15
1888 7 26
1889 8
1890 5
1891 27
1892 35
1893 8 19 24
1894 11 20
1895 23
1896 5
1897 13 17
1898 2 8 23
1899 6 30
1900 5
1901 9
1902 11
1903 27
1904 10 11
1905 24
1906 32
1907 24
1908 23
1909 26
1910 8
1911 6
1912 26
1913 2
1914 2 21
1915 5
1916 8
1917 22
1918 3 31 32
1919 8
1920 21
1921 7
1922 13 17
1923 7
1924 2
1925 8
1926 8
1927 24
1928 30
1929 29
1930 24
1931 9
1932 7
1933 5 13 17
1934 11 14
1935 10
1936 6 13 17
1937 24
1938 21
1939 29
1940 32
1941 21
1942 10
1943 8
1944 3 11
1945 8
1946 23
1947 8
1948 11
1949 13 17
1950 8
1951 23
1952 5
1953 22
1954 24
1955 8
1956 8
1957 26
1958 20
1959 24
1960 8
1961 21
1962 36
1963 12
1964 8
1965 18
1966 24
1967 11
1968 18
1969 24
1970 16
1971 4
1972 5
1973 18
1974 6
1975 8
1976 8
1977 13 17
1978 2
1979 12
1980 2 26
1981 8
1982 7
1983 8
1984 29
1985 11
1986 8 10 27
1987 7
1988 27
1989 8 32
1990 2
1991 11
1992 32
1993 32
1994 8
1995 5
1996 6
1997 3 30
1998 20
1999 2 14
2000 8 19 32
2001 7
2002 8
2003 11
2004 1 2
2005 28
2006 18
2007 16
2008 7
2009 9
2010 5
2011 14
2012 24
2013 5 23 24
2014 3
2015 4 7
2016 7
2017 2 24
2018 10
2019 18
2020 10
2021 9
2022 8
2023 8
2024 3
2025 11 13 17
2026 7
2027 13 17
2028 5
2029 10
2030 30
2031 6 9
2032 5
2033 6
2034 20
2035 5 8
2036 24
2037 4 10 14
2038 5
2039 4 27
2040 8
2041 6
2042 22
2043 6 26
2044 32
2045 5
2046 26
2047 8
2048 14
2049 11
2050 2
2051 26
2052 24
2053 10
2054 7
2055 20 31
2056 30
2057 6
2058 26
2059 3
2060 7
2061 2 11
2062 6
2063 22
2064 23
2065 11
2066 13 17
2067 7
2068 11 22
2069 10 20
2070 8
2071 5
2072 7
2073 8
2074 1
2075 10
2076 11 14
2077 8
2078 18 22
2079 2
2080 8
2081 3
2082 30
2083 24
2084 2 10
2085 1 11 13 17
2086 2 20 22
2087 30 34
2088 30
2089 29
2090 8
2091 26
2092 2 4 10
2093 5
2094 24
2095 31 32
2096 31
2097 24
2098 8
2099 3
2100 3
2101 20
2102 32
2103 6 8
2104 6
2105 8
2106 8
2107 13 17
2108 2
2109 2
2110 4 7
2111 19
2112 13
2113 8
2114 2 3 10
2115 3
2116 8
2117 4
2118 8 16 23 24 26
2119 7
2120 9
2121 26
2122 23
2123 4
2124 6
2125 18
2126 24
2127 3 7
2128 5
2129 23
2130 10
2131 24
2132 22
2133 8
2134 8
2135 10
2136 5
2137 23
2138 2
2139 7 32
2140 2 14
2141 7 8 30
2142 2
2143 14
2144 26
2145 11
2146 24
2147 8
2148 9
2149 32
2150 14
2151 3
2152 2
2153 2
2154 7
2155 8
2156 8
2157 26
2158 8
2159 8
2160 8
2161 4 8
2162 22
2163 9
2164 3
2165 7
2166 30
2167 20
2168 8
2169 4
2170 2
2171 8
2172 5
2173 7
2174 5
2175 24
2176 2 14
2177 19
2178 10 16 19
2179 8
2180 20
2181 8
2182 8
2183 22
2184 7 22
2185 10
2186 4 11
2187 30
2188 10
2189 9 11
2190 19 20 22
2191 6 20
2192 4 16
2193 9
2194 26
2195 24
2196 2
2197 6 22
2198 10
2199 22
2200 4
2201 3
2202 8
2203 3 5
2204 4
2205 18
2206 2 8
2207 18
2208 5
2209 8
2210 5 9 19
2211 7 31
2212 8 23
2213 2 28 38
2214 24
2215 2
2216 7
2217 10
2218 8
2219 6
2220 3 8 14
2221 8
2222 11
2223 8 11
2224 7
2225 3 6 24
2226 5
2227 8
2228 16
2229 27
2230 5
2231 3 9
2232 21
2233 21
2234 3
2235 35
2236 9
2237 7
2238 22
2239 24
2240 23
2241 8 19
2242 4 8
2243 11
2244 32
2245 2
2246 1
2247 8 10
2248 23
2249 3
2250 10
2251 5
2252 8
2253 26
2254 8
2255 3
2256 2
2257 2
2258 19 30
2259 30
2260 22
2261 27
2262 34
2263 11
2264 27
2265 8
2266 3 22
2267 5
2268 36
2269 8
2270 20
2271 6 11 14
2272 10
2273 2 32
2274 8
2275 21
2276 7
2277 4
2278 8
2279 5
2280 4
2281 24
2282 6 9
2283 8
2284 26
2285 4
2286 20
2287 8
2288 30
2289 23
2290 3
2291 31
2292 8 19
2293 3
2294 2 7 22
2295 2
2296 2
2297 7
2298 32
2299 7 8 9
2300 8
2301 2
2302 23
2303 12
2304 30
2305 8
2306 11
2307 1 8 24
2308 5
2309 3
2310 2
2311 9
2312 8
2313 5 13 17
2314 4 26
2315 8
2316 6
2317 4 13 17 18
2318 7 24
2319 3
2320 24
2321 23
2322 30
2323 5 11
2324 5
2325 4
2326 8
2327 5 8
2328 8
2329 2
2330 18
2331 19
2332 9
2333 3
2334 26
2335 30
2336 14 27
2337 7 18
2338 34
2339 24
2340 2 5 7 10 11 20 32
2341 24
2342 8
2343 5
2344 8 10
2345 11
2346 8
2347 10
2348 23
2349 8
2350 7 10
2351 8
2352 8
2353 7 26
2354 19
2355 11
2356 13 17
2357 20
2358 5
2359 28
2360 32
2361 30
2362 8
2363 24
2364 7 30
2365 9
2366 4
2367 8 19
2368 19
2369 6 19 25 30 32
2370 10
2371 5
2372 26
2373 5 23
2374 22
2375 5
2376 13
2377 8
2378 30
2379 3
2380 14
2381 8
2382 37
2383 13 17 19 24
2384 1
2385 10
2386 6
2387 2
2388 20
2389 24
2390 10
2391 19 24
2392 8
2393 8
2394 18
2395 5
2396 26
2397 5
2398 8 24
2399 8
2400 3 8
2401 8
2402 5
2403 9 24
2404 2 7 10
2405 5 8 24
2406 16 33
2407 31 32
2408 3
2409 2
2410 6
2411 20
2412 6
2413 8
2414 24
2415 4
2416 8
2417 27
2418 8
2419 8
2420 9
2421 22
2422 11
2423 11
2424 11 22
2425 23
2426 20
2427 5
2428 9
2429 8
2430 5
2431 8 19 27
2432 5 27
2433 2 7
2434 5 10 13 17 20
2435 24
2436 4 8
2437 11
2438 31
2439 8
2440 18
2441 26 32
2442 2 19
2443 13 17
2444 3
2445 3
2446 9
2447 22
2448 8
2449 2
2450 21
2451 32
2452 6
2453 2 26
2454 2 8 11 30
2455 2
2456 8 23
2457 22
2458 3
2459 14
2460 5 11
2461 8 11 19 26
2462 14
2463 30
2464 6
2465 1 15 19
2466 8
2467 8
2468 8
2469 2
2470 18
2471 2
2472 24
2473 9
2474 7 14
2475 3 9
2476 26
2477 9
2478 5
2479 5
2480 3
2481 7
2482 9
2483 8
2484 10
2485 32
2486 23
2487 11 26
2488 2
2489 3
2490 8
2491 8
2492 7
2493 14
2494 24
2495 6 8
2496 2 10
2497 24
2498 8
2499 10
2500 2
2501 13 17 19
2502 14
2503 11
2504 8
2505 4
2506 13 15 17
2507 1
2508 32 37
2509 4
2510 8
2511 5
2512 8
2513 2 3 6 14 16
2514 8
2515 8
2516 8
2517 2
2518 13 17 23
2519 24
2520 2
2521 5
2522 2 8 9
2523 21
2524 33
2525 13 17 23
2526 6
2527 24
2528 16
2529 1 22
2530 23
2531 34
2532 3 20 32
2533 2 6 26
2534 26
2535 24
2536 9
2537 8
2538 35
2539 24
2540 18 24
2541 8
2542 5 8
2543 2 3 10
2544 8 20
2545 8
2546 14
2547 19 24
2548 10
2549 26
2550 8
2551 24
2552 3 4 19 25
2553 7 11 13 17 33
2554 5
2555 13
2556 24
2557 8
2558 6 9 10
2559 24
2560 11
2561 6
2562 2 24
2563 19
2564 6 7 18
2565 20 32
2566 19
2567 22
2568 4
2569 24
2570 3
2571 16
2572 30
2573 7
2574 8
2575 24
2576 24
2577 8 9 24 26
2578 16 19
2579 24
2580 7 9 11 14
2581 5
2582 2
2583 7
2584 5
2585 5
2586 2
2587 10
2588 32
2589 5
2590 8 27
2591 5
2592 3
2593 5 24
2594 6
2595 8 24
2596 6
2597 22
2598 7 21
2599 9 23
2600 7 8
2601 9 32
2602 5
2603 9
2604 8 20
2605 26
2606 8
2607 2 4
2608 13 17
2609 8
2610 32
2611 24
2612 3 8 16
2613 24
2614 24
2615 8
2616 23
2617 6
2618 24 31
2619 9
2620 21
2621 11 24
2622 31 32
2623 2
2624 4
2625 11
2626 8
2627 4 7
2628 5
2629 1 22 24
2630 30
2631 6 16
2632 5 10
2633 2
2634 5 13 17
2635 8
2636 13 17
2637 20 36
2638 32
2639 2
2640 25
2641 5
2642 26
2643 8
2644 21
2645 1
2646 2
2647 8
2648 8
2649 23
2650 20
2651 11
2652 5
2653 2
2654 13 17
2655 22
2656 8
2657 10
2658 6
2659 21 24
2660 14
2661 24
2662 6
2663 18
2664 34
2665 2
2666 13 17
2667 4
2668 7 20 22
2669 7
2670 22 30
2671 3 13 17 19
2672 1 7
2673 8
2674 8
2675 8
2676 2
2677 11
2678 5
2679 20
2680 10
2681 8
2682 8
2683 18
2684 5
2685 9
2686 4 6 13 17
2687 21
2688 6
2689 13 17
2690 3
2691 7 18
2692 7 8
2693 2
2694 8
2695 19
2696 5
2697 7
2698 16 19
2699 7 27
2700 8 30
2701 8 11
2702 2
2703 3
2704 4 7
2705 8 33
2706 30
2707 24
2708 26
2709 7 8
2710 6 20 34
2711 26
2712 8 19
2713 5
2714 30
2715 26
2716 38
2717 8
2718 8 10
2719 26 33
2720 14 32
2721 20 32
2722 5
2723 26
2724 11 14
2725 4
2726 5
2727 6
2728 14
2729 5 32 35
2730 8 19 20
2731 35
2732 20
2733 11
2734 8 11 19
2735 3
2736 8
2737 5
2738 24
2739 8
2740 26
2741 6
2742 7
2743 8
2744 8
2745 6
2746 6 8
2747 23
2748 11
2749 8
2750 5 8
2751 8
2752 9
2753 8
2754 3
2755 13 17
2756 19
2757 23
2758 23
2759 19 24
2760 23
2761 2 28
2762 25
2763 19 24
2764 24
2765 5
2766 3 8 10 19 30
2767 3
2768 32
2769 24
2770 11
2771 27
2772 1 30
2773 24
2774 30
2775 19 24
2776 22
2777 6
2778 11 25 30
2779 2 11 25
2780 32
2781 6 19
2782 8
2783 19 24
2784 24
2785 11
2786 4 8
2787 11
2788 13
2789 8
2790 2
2791 24
2792 6 8
2793 6 14
2794 11
2795 8
2796 9
2797 18
2798 23
2799 23
2800 8 14
2801 6
2802 2 11
2803 8
2804 7
2805 30
2806 4 5 8 13 17
2807 23
2808 8
2809 7
2810 2 11 16 19 24
2811 8
2812 29 32
2813 20
2814 2
2815 10
2816 2
2817 7 8 22
2818 5
2819 2
2820 10
2821 24
2822 20
2823 24 30
2824 3 8
2825 5 10 13 14 17
2826 3
2827 16
2828 30
2829 32
2830 3 8
2831 20
2832 10
2833 11
2834 5
2835 2 9
2836 5 24
2837 8
2838 31
2839 6
2840 8
2841 8
2842 19 30
2843 24
2844 27
2845 8
2846 8
2847 1 19
2848 10
2849 13 14 17 22
2850 1
2851 7 35
2852 7
2853 2
2854 3
2855 14
2856 2 10
2857 10
2858 3
2859 9
2860 6
2861 6 8
2862 8
2863 20
2864 8
2865 6
2866 8
2867 30
2868 11
2869 2
2870 7 22
2871 14
2872 18
2873 3
2874 2
2875 8
2876 8
2877 8 24
2878 22 24
2879 30
2880 3
2881 8
2882 2
2883 8
2884 5
2885 32
2886 8 23
2887 5
2888 4 6 19 24
2889 8 30
2890 9
2891 30
2892 8
2893 8 19 24
2894 6
2895 24
2896 6
2897 5
2898 29
2899 26
2900 8
2901 26
2902 23
2903 9
2904 7 22 24
2905 6 30
2906 8
2907 2 6 21 24
2908 2 6 20
2909 13 17
2910 24 30
2911 2
2912 9
2913 1 16
2914 8
2915 11
2916 2
2917 23
2918 7
2919 20
2920 20
2921 3
2922 32
2923 34
2924 6
2925 8
2926 7
2927 34
2928 5
2929 13 17
2930 19 24
2931 8
2932 9
2933 8
2934 4
2935 24
2936 16
2937 19
2938 1 2
2939 9
2940 6
2941 2 6
2942 8
2943 6
2944 34
2945 32
2946 1 6 18
2947 24
2948 8
2949 7
2950 7 13 14 17 18 33 36
2951 36
2952 8
2953 2 10 32
2954 7
2955 5
2956 8
2957 8 19
2958 16
2959 13 17
2960 23
2961 5
2962 19
2963 20
2964 6
2965 8 23
2966 22
2967 22 30
2968 6
2969 2
2970 2 14
2971 9
2972 25
2973 24
2974 22
2975 24
2976 13 17
2977 5
2978 8
2979 8
2980 14
2981 32
2982 13 17
2983 8 32
2984 16
2985 3
2986 10
2987 7
2988 3 32
2989 11 15 30
2990 24 34
2991 21
2992 4
2993 7
2994 2
2995 3
2996 20
2997 5 19
2998 6
2999 2 10 20
3000 14
3001 10
3002 23
3003 8 30
3004 27
3005 8 22
3006 9
3007 24
3008 2 3 32
3009 8 19
3010 7
3011 8 22
3012 6
3013 24
3014 24
3015 19
3016 8
3017 8
3018 32
3019 30
3020 10
3021 21
3022 24
3023 8
3024 11
3025 32
3026 16
3027 8
3028 7
3029 18
3030 3 30
3031 32
3032 2
3033 3
3034 32
3035 11 19
3036 30
3037 1 3 5 8 19 23 37
3038 8
3039 24
3040 8
3041 9
3042 8
3043 10 24
3044 8
3045 3 6 19 24 31 32 37
3046 11
3047 31
3048 6
3049 3
3050 8
3051 30
3052 8 19
3053 24
3054 18
3055 1 18
3056 6
3057 24
3058 11
3059 24
3060 10
3061 29
3062 36
3063 32
3064 8
3065 26
3066 32
3067 6
3068 20
3069 11
3070 19 24 27
3071 35
3072 2
3073 16 24
3074 10
3075 24
3076 8
3077 7
3078 5 19
3079 8
3080 30
3081 24
3082 5
3083 24
3084 6
3085 6
3086 2
3087 9
3088 10 11
3089 8
3090 1
3091 10 19
3092 9
3093 2
3094 24
3095 8 16 23
3096 3
3097 30
3098 24
3099 8
3100 24
3101 9
3102 1
3103 3
3104 32
3105 3
3106 8
3107 24
3108 23
3109 3
3110 13 17
3111 3
3112 9
3113 2 6
3114 24 30
3115 7
3116 8
3117 30
3118 19
3119 5 19
3120 5
3121 2 3
3122 8 10 19 23
3123 2
3124 5
3125 24
3126 8 30
3127 22
3128 5 13 17 37
3129 18
3130 10 23
3131 10
3132 2
3133 2
3134 4 16 20
3135 24
3136 22 23
3137 8 11
3138 8
3139 16 19 24
3140 13 17 29 36
3141 16 36
3142 1 13 17
3143 12
3144 22
3145 7
3146 30
3147 20
3148 8
3149 2
3150 5
3151 2 10 23
3152 9
3153 13
3154 5
3155 24
3156 24
3157 26
3158 32
3159 35
3160 6 10 18
3161 32
3162 9
3163 3 20
3164 24
3165 23
3166 2
3167 7
3168 8
3169 2
3170 8
3171 11
3172 18
3173 26
3174 5
3175 6
3176 8
3177 23 24
3178 4
3179 14
3180 18
3181 7
3182 2 26
3183 5
3184 33
3185 22
3186 5 9
3187 18
3188 6 9 32
3189 7
3190 8
3191 13 17
3192 26
3193 24
3194 11 34
3195 4
3196 19 24
3197 3
3198 2 3
3199 3
3200 30
3201 24
3202 2
3203 8
3204 3
3205 19 24
3206 19 24
3207 6 35
3208 2
3209 27
3210 8
3211 23
3212 6
3213 8 10
3214 8 24 30
3215 24 34
3216 11
3217 8 26 32
3218 24
3219 30
3220 8
3221 10
3222 3 6 7 13 17
3223 2
3224 6
3225 8
3226 6
3227 7
3228 8
3229 4 19
3230 2
3231 20
3232 3 9 14
3233 26
3234 8 11
3235 2 8 22
3236 5 13 17 34
3237 3 11
3238 7
3239 3
3240 5
3241 5
3242 8
3243 26
3244 8 11
3245 30
3246 3
3247 24
3248 2
3249 2
3250 8
3251 9
3252 9
3253 9
3254 24
3255 1
3256 2 14
3257 6 18 32
3258 18
3259 20
3260 11 18
3261 3
3262 4 23
3263 7
3264 5
3265 8 35
3266 32
3267 7
3268 5
3269 8
3270 4
3271 20 32
3272 6
3273 8
3274 5
3275 10 32
3276 5 10 31 32
3277 10
3278 7 22
3279 23
3280 8 11
3281 32
3282 4 24
3283 1
3284 11 16
3285 21
3286 24
3287 6 7
3288 8
3289 10 23
3290 26
3291 18 19
3292 24
3293 10
3294 8
3295 30
3296 10
3297 14
3298 7
3299 9 16
3300 9
3301 20
3302 3
3303 9
3304 24
3305 8
3306 14
3307 26
3308 19 24
3309 10
3310 24
3311 24
3312 4
3313 19
3314 8
3315 8
3316 5
3317 2
3318 24
3319 20
3320 3
3321 2
3322 2
3323 2 10 26 32 36
3324 13 17
3325 9
3326 5
3327 24
3328 16
3329 24
3330 13 30
3331 6
3332 27
3333 13 17
3334 8
3335 14
3336 5 16
3337 23
3338 3
3339 8
3340 4 5
3341 18 24
3342 8
3343 8 9
3344 5
3345 5
3346 21
3347 26
3348 21
3349 8
3350 23
3351 11
3352 2
3353 24
3354 8
3355 8
3356 18
3357 24
3358 24
3359 4 7
3360 8 19
3361 5 8 11
3362 12
3363 13 17 24
3364 7
3365 6 7
3366 22
3367 8
3368 10
3369 8
3370 32
3371 8
3372 4 8
3373 32
3374 13
3375 19 24
3376 24
3377 9
3378 8
3379 3
3380 2
3381 5 8
3382 19
3383 22
3384 8 16
3385 2 10
3386 7
3387 6 8
3388 8
3389 35
3390 6 34
3391 9
3392 8
3393 7
3394 2
3395 8
3396 2
3397 9
3398 11
3399 24
3400 8
3401 25
3402 9
3403 2
3404 3
3405 7 8
3406 18
3407 19
3408 36
3409 8
3410 20
3411 32
3412 29 30
3413 5
3414 22
3415 3
3416 8
3417 8
3418 11
3419 19
3420 8 28
3421 6
3422 11 33
3423 8
3424 2 13 17
3425 8 15 30
3426 23
3427 9
3428 27
3429 5
3430 32
3431 8
3432 8
3433 13 14 17 33
3434 3 6 16
3435 26
3436 8 19
3437 6
3438 11 22
3439 9
3440 8
3441 24
3442 22
3443 4 8
3444 2
3445 28
3446 24 25 30
3447 30
3448 2
3449 5 24
3450 5
3451 35
3452 24
3453 2 21 32
3454 20 36
3455 2 21
3456 8
3457 16
3458 21
3459 6
3460 5
3461 5
3462 5
3463 16 19 30
3464 10
3465 8
3466 8
3467 3 22
3468 7
3469 21
3470 8
3471 34
3472 5 18
3473 21
3474 24
3475 3
3476 8 30
3477 8
3478 14
3479 7
3480 24
3481 6 24
3482 13 17
3483 18
3484 9
3485 6
3486 27
3487 3
3488 3
3489 9
3490 8
3491 6
3492 19 30
3493 5
3494 2
3495 13 17
3496 10
3497 3 14
3498 5 7 28
3499 10
3500 2
3501 22 30
3502 24
3503 5 8
3504 30
3505 3
3506 5
3507 20
3508 32
3509 26
3510 24
3511 3
3512 6
3513 8
3514 16 20
3515 5
3516 24
3517 7
3518 25
3519 8
3520 26
3521 3
3522 19
3523 20 30
3524 9
3525 8 26
3526 20 26
3527 8
3528 5 9
3529 23
3530 2
3531 2
3532 10
3533 7
3534 19 24
3535 13 17
3536 8 19
3537 14
3538 8
3539 8
3540 29
3541 16
3542 8
3543 7
3544 5
3545 5
3546 8
3547 5 6 10 26 28
3548 10
3549 21
3550 13 17
3551 16
3552 11
3553 8
3554 2
3555 6
3556 8
3557 8
3558 6
3559 26
3560 6 22
3561 22 23
3562 24
3563 18
3564 8
3565 3 5
3566 2 10
3567 1
3568 20
3569 3 13 17
3570 9
3571 6 20
3572 8
3573 9
3574 24
3575 8 10
3576 5
3577 4 5
3578 3
3579 5
3580 8
3581 8
3582 7
3583 18
3584 2 21
3585 11
3586 6
3587 12 29
3588 32
3589 23
3590 3
3591 8
3592 5
3593 6 31
3594 2
3595 8
3596 19 25
3597 6 7 9
3598 8
3599 1 12
3600 6
3601 27
3602 19
3603 10
3604 9
3605 2
3606 6 24
3607 10 13 17 26
3608 9
3609 8
3610 20
3611 8
3612 8
3613 10
3614 8
3615 24
3616 24
3617 8
3618 18
3619 13 17
3620 23
3621 7
3622 34
3623 18
3624 3
3625 8
3626 14
3627 13 17
3628 2 6
3629 22 24 30
3630 6
3631 9
3632 6 8 11 13 17 31
3633 5
3634 3
3635 10
3636 6
3637 2 23
3638 4
3639 6
3640 13 17
3641 8
3642 13 17
3643 5
3644 2 13 17 19
3645 5
3646 3
3647 6
3648 8
3649 8
3650 8 24
3651 8
3652 8
3653 27
3654 24
3655 30
3656 8
3657 19 24
3658 7 19 24
3659 5
3660 22
3661 5
3662 32
3663 8
3664 8
3665 8
3666 21
3667 26
3668 13 17
3669 2 6 8
3670 9
3671 9
3672 24
3673 13 17
3674 8 20
3675 24
3676 9
3677 8
3678 8
3679 8
3680 7
3681 8 19 26
3682 18
3683 11
3684 30
3685 24
3686 4 5 15 30
3687 8
3688 18 24
3689 7 8 13 17
3690 1 37
3691 3 8 29
3692 8
3693 32
3694 8
3695 36
3696 4
3697 24 30
3698 30
3699 21
3700 22 26 32
3701 8
3702 8
3703 30
3704 37
3705 3
3706 2
3707 24
3708 3
3709 24
3710 5
3711 24
3712 24
3713 7 29 32
3714 1
3715 7
3716 11
3717 19
3718 19 22
3719 10
3720 13
3721 16
3722 14
3723 8
3724 2
3725 24 25 34
3726 24
3727 11
3728 24 30
3729 14
3730 5 11
3731 5
3732 2
3733 7
3734 24
3735 3
3736 8 19
3737 8
3738 34 35
3739 4 6
3740 27
3741 1
3742 6 36
3743 24
3744 5 24
3745 8
3746 8
3747 8 30
3748 24
3749 3
3750 20
3751 3 6 19 24
3752 5
3753 20
3754 4
3755 6
3756 2
3757 34
3758 3
3759 8
3760 35
3761 7 8
3762 24 25
3763 1 24 25
3764 12
3765 8
3766 3
3767 6
3768 22 23
3769 8
3770 2
3771 18
3772 21
3773 8
3774 20
3775 5 22
3776 8
3777 3
3778 22
3779 5
3780 3
3781 36
3782 8 24
3783 8
3784 13 17
3785 7 16 22
3786 24
3787 4
3788 5
3789 8
3790 19 24
3791 11
3792 4 5
3793 4 8 35
3794 10 19
3795 2
3796 33
3797 2 3 36
3798 6 11
3799 8 26
3800 24
3801 8 9
3802 2
3803 11
3804 8 13 17
3805 8
3806 8 19
3807 30
3808 7 22 30
3809 13 17
3810 10
3811 3
3812 5
3813 3
3814 8 16
3815 24
3816 8
3817 13
3818 36
3819 8
3820 5 8
3821 8
3822 2 24
3823 11
3824 11
3825 3
3826 6 11
3827 14
3828 5
3829 20
3830 27
3831 8
3832 8 24
3833 8
3834 2
3835 3
3836 6 24
3837 16
3838 8
3839 4
3840 24
3841 24
3842 8 10
3843 7
3844 23
3845 8
3846 3
3847 19
3848 8 24
3849 24
3850 8
3851 26
3852 6 24
3853 9
3854 9 14
3855 2
3856 2
3857 5 6
3858 3 26
3859 3 23 24
3860 3 10 20 32
3861 6
3862 2
3863 32
3864 7 22
3865 3 5 10
3866 19
3867 19
3868 8 10
3869 5
3870 16
3871 9 24
3872 3
3873 8 10
3874 3
3875 20 22
3876 5
3877 5
3878 5
3879 18
3880 14
3881 5
3882 2 23
3883 24 30
3884 10 32
3885 14
3886 8 36
3887 8
3888 4
3889 11
3890 34
3891 24
3892 11
3893 18
3894 8
3895 11
3896 24
3897 2
3898 24
3899 24
3900 36
3901 24
3902 22
3903 24
3904 8
3905 24
3906 11 14 33
3907 6
3908 6 11 12
3909 2
3910 11
3911 20
3912 8 35
3913 6 22
3914 18
3915 8
3916 24 30
3917 2
3918 9
3919 2 5 7 13 17 22
3920 1
3921 24
3922 5
3923 19 24
3924 24
3925 6
3926 18
3927 3 25
3928 11
3929 32
3930 23
3931 8
3932 2
3933 3
3934 23
3935 33 38
3936 23 25 30
3937 8
3938 2
3939 8
3940 24
3941 19 24
3942 11
3943 11
3944 19 24
3945 3
3946 14
3947 4 10
3948 3
3949 31 32
3950 8
3951 8
3952 6
3953 9
3954 21
3955 32
3956 21
3957 13 17 30
3958 7 30
3959 12
3960 19 25 30
3961 18
3962 2
3963 2 6
3964 5
3965 24
3966 13 17
3967 24
3968 6
3969 32
3970 23
3971 24
3972 36
3973 32
3974 5
3975 6
3976 11
3977 8 27
3978 30
3979 11
3980 2 20 32
3981 31
3982 20
3983 8 30
3984 4 30
3985 22
3986 9 18 27
3987 8
3988 9
3989 18
3990 3 7
3991 4
3992 5
3993 4
3994 33
3995 26
3996 25
3997 5 24
3998 24 30
3999 3
4000 16
4001 5
4002 23
4003 18 23
4004 2 6 8
4005 3 24
4006 11
4007 8
4008 19 24
4009 8
4010 24
4011 7
4012 22
4013 24
4014 7
4015 16
4016 23
4017 8
4018 8
4019 9
4020 1 4 5 11 13 17
4021 8
4022 28
4023 16
4024 11
4025 31 32
4026 11
4027 22
4028 21
4029 8 11
4030 11
4031 6 31 32
4032 9
4033 3
4034 23
4035 8
4036 22
4037 23
4038 30
4039 8 22
4040 23
4041 3 21
4042 22
4043 8 19
4044 8 16
4045 11 34
4046 2
4047 6 24 30
4048 6
4049 8 11
4050 7
4051 3
4052 5
4053 8
4054 19 24
4055 16
4056 16
4057 5
4058 2
4059 30
4060 6
4061 11 16
4062 8
4063 11 30
4064 21
4065 6 16
4066 7
4067 24
4068 8
4069 5 19 31
4070 24
4071 13 17
4072 16
4073 3
4074 8
4075 19 24
4076 4
4077 32
4078 24
4079 8
4080 20
4081 36
4082 11
4083 3 13 28
4084 24
4085 24 25
4086 5 13 17
4087 25
4088 25 30
4089 7
4090 5
4091 6
4092 14
4093 2
4094 8 19
4095 14
4096 2
4097 19
4098 6
4099 25
4100 7 14
4101 8
4102 6
4103 11 25
4104 3
4105 6
4106 6 19
4107 6
4108 10
4109 30
4110 7
4111 8
4112 25
4113 37
4114 25
4115 5
4116 11
4117 5 30 33
4118 2
4119 16
4120 19 24
4121 26
4122 2
4123 8
4124 26
4125 25
4126 2 7
4127 8
4128 2 8 9
4129 31
4130 32
4131 25
4132 23
4133 30
4134 7
4135 25
4136 2 7
4137 20
4138 18 24
4139 4 34
4140 2
4141 5 19
4142 2 25
4143 6
4144 6 10
4145 19 24
4146 7 22
4147 6 8
4148 2 6 8 13 14 17 19 26 28
4149 10 35
4150 6
4151 4
4152 18
4153 25 30
4154 2 8
4155 14
4156 18
4157 24
4158 2 6 25
4159 33
4160 32
4161 16
4162 28
4163 16
4164 1 20 32
4165 7
4166 11 22
4167 16
4168 4 8
4169 2 14 35
4170 5
4171 10
4172 30
4173 10
4174 13 17
4175 10 20
4176 24
4177 32
4178 5
4179 9
4180 7 30
4181 1 4 8 25
4182 23
4183 25
4184 23
4185 16
4186 34
4187 7 22
4188 5
4189 1
4190 8
4191 33
4192 8
4193 22
4194 7
4195 32
4196 32
4197 2
4198 10 23
4199 5
4200 19
4201 32
4202 4 13 17
4203 25
4204 11
4205 18
4206 3
4207 8
4208 14
4209 8 10
4210 2 8 10
4211 3
4212 23 24 36
4213 13 17
4214 7
4215 21
4216 16 24
4217 18
4218 1 13 14 17 22
4219 10 20
4220 7
4221 3
4222 11
4223 8 19
4224 1
4225 4
4226 4
4227 8 18
4228 8
4229 7 22
4230 32
4231 13 17
4232 2 10 14
4233 1 2 6 11 23 31 32
4234 18 23
4235 10
4236 5
4237 24 27 30
4238 4
4239 11
4240 34
4241 32
4242 10
4243 8
4244 5
4245 11
4246 18
4247 10 13 17
4248 8 26
4249 8
4250 6
4251 8
4252 2
4253 2
4254 10
4255 2
4256 25 30
4257 22
4258 3 7 10 20 23 32
4259 8 11 19
4260 2 10
4261 8 10 11
4262 12 13 17
4263 6
4264 2 6 25 30
4265 8 23 26
4266 5 25
4267 34
4268 23
4269 7
4270 8
4271 20 32
4272 23
4273 24
4274 8
4275 11 19 20 23 24
4276 9
4277 16
4278 3
4279 23
4280 30
4281 8 25
4282 21
4283 24 25
4284 8
4285 24
4286 4
4287 11
4288 1 5 7 8 19 32 36
4289 24
4290 2
4291 7 34
4292 9
4293 26
4294 9
4295 8
4296 16
4297 8 19 24
4298 11
4299 25
4300 11
4301 18
4302 16
4303 13 17 20
4304 30
4305 7
4306 7 24
4307 16
4308 9 18
4309 6
4310 30
4311 10
4312 2
4313 11
4314 26
4315 2
4316 5 8 36
4317 24 33
4318 5
4319 11 19 25
4320 3
4321 1
4322 20
4323 7
4324 29
4325 16
4326 7
4327 13 17
4328 13 17 18
4329 26
4330 9
4331 7
4332 6
4333 24
4334 10
4335 5
4336 16
4337 30
4338 3 8 19
4339 13 17
4340 5
4341 8
4342 8
4343 3
4344 5
4345 16
4346 7 21
4347 23
4348 31 32
4349 13 17
4350 36
4351 11 23
4352 6 32
4353 5 6 10
4354 11
4355 3
4356 2 32
4357 8 23
4358 5
4359 8 10
4360 2
4361 11 18
4362 2 26
4363 8
4364 24
4365 20
4366 24
4367 8
4368 8
4369 3
4370 3 8 13 17
4371 5
4372 8
4373 9 16
4374 1 10 15 18 19 30
4375 5 24
4376 8
4377 23
4378 9
4379 5
4380 23
4381 8
4382 32
4383 27
4384 6
4385 2
4386 22
4387 16
4388 2
4389 9
4390 24
4391 2
4392 11
4393 8 19
4394 3
4395 13 17
4396 8
4397 24
4398 13 17
4399 8
4400 5
4401 26
4402 2
4403 2 6 13 17 18 23
4404 8 26
4405 3
4406 3 24
4407 5
4408 6
4409 30
4410 32
4411 11
4412 19 24
4413 8
4414 2 11
4415 5 8
4416 23
4417 31
4418 16
4419 2
4420 8 19
4421 11 25
4422 25
4423 26
4424 13 17
4425 11
4426 30
4427 19 24
4428 6
4429 5 31
4430 3
4431 8
4432 6
4433 5
4434 3
4435 2
4436 19
4437 16
4438 6 11
4439 16 18 30
4440 8
4441 13 17
4442 30
4443 6
4444 18
4445 24
4446 8 19
4447 7
4448 2
4449 3
4450 7
4451 19
4452 8 37
4453 18
4454 7 22
4455 16
4456 7
4457 32
4458 2
4459 9
4460 26
4461 2
4462 25
4463 3 20
4464 13
4465 37
4466 23
4467 36
4468 13 17
4469 7
4470 5
4471 8 9
4472 14
4473 3
4474 3 36
4475 8
4476 2
4477 5 19
4478 10
4479 7
4480 5
4481 2
4482 8
4483 36
4484 6 14
4485 13 17
4486 2 7 8
4487 25
4488 24
4489 9
4490 24
4491 18 29
4492 8
4493 8
4494 24
4495 8 20
4496 9
4497 19
4498 2 6
4499 4 8
4500 5 13 17
4501 16
4502 25
4503 11
4504 5
4505 13 17
4506 24
4507 20
4508 21
4509 13 17
4510 9
4511 2 9
4512 19
4513 5 8
4514 8
4515 19
4516 1 3 6 13 31 33
4517 2
4518 16 18
4519 13 17
4520 2
4521 23
4522 8 16 19
4523 25
4524 4 24
4525 2
4526 18 28
4527 11
4528 2 14
4529 8
4530 11
4531 8
4532 8
4533 23
4534 28
4535 16
4536 8
4537 7
4538 25
4539 8
4540 8
4541 11 28 36
4542 5
4543 1 14 26
4544 32
4545 8 19
4546 9
4547 2
4548 9
4549 8
4550 8
4551 10 23
4552 13 17
4553 25
4554 6 7 25
4555 16
4556 30
4557 7
4558 13 17
4559 2
4560 13 17
4561 4
4562 9
4563 7
4564 2 5 10 19 27
4565 5 7 13 17
4566 3
4567 26
4568 24 29
4569 32
4570 5 10
4571 8
4572 8
4573 7 25 34
4574 20 31 32
4575 18
4576 8
4577 27
4578 8
4579 19
4580 5
4581 9
4582 10 23
4583 16 19
4584 19
4585 2
4586 2
4587 9
4588 18
4589 26
4590 10
4591 23
4592 3
4593 18
4594 13 17 19 24
4595 30
4596 20
4597 11 13 17 24
4598 13 17
4599 8 19 32
4600 32
4601 8
4602 14
4603 13 17
4604 24 25
4605 24 30
4606 19 25
4607 14
4608 10
4609 9
4610 20 24 30 32
4611 6
4612 11
4613 9
4614 5 10
4615 20
4616 10
4617 2
4618 16
4619 5
4620 8
4621 19 24
4622 29
4623 5
4624 5
4625 1
4626 25
4627 24
4628 8
4629 9
4630 1
4631 13 17
4632 25
4633 8
4634 6 8 16
4635 9
4636 2
4637 8
4638 26
4639 8
4640 8
4641 8
4642 6
4643 6 24
4644 10
4645 32
4646 18 30
4647 26 32
4648 8 19
4649 8
4650 6
4651 19
4652 8
4653 2 11 13 17
4654 5
4655 19 25
4656 21
4657 24
4658 8 25
4659 8
4660 18
4661 35
4662 6
4663 18
4664 6
4665 29
4666 19 24
4667 6
4668 2
4669 25
4670 14
4671 26
4672 7 26
4673 7
4674 19 24
4675 8
4676 24
4677 14
4678 18
4679 3
4680 3 24
4681 28
4682 32
4683 23
4684 23
4685 6
4686 9 14
4687 5 16
4688 3 8 18
4689 7
4690 35
4691 12
4692 23
4693 31 32
4694 8 30
4695 16
4696 31
4697 19
4698 3 20 32
4699 11
4700 7 16
4701 21
4702 23
4703 10
4704 11
4705 5 16 24
4706 8
4707 13 17 23
4708 36
4709 39
4710 24
4711 3
4712 5
4713 5
4714 8
4715 3
4716 23
4717 7
4718 5
4719 8
4720 6
4721 26
4722 16
4723 27
4724 31 32
4725 21
4726 9
4727 32
4728 11 25
4729 2
4730 8
4731 2
4732 8
4733 6 13 17
4734 8
4735 26
4736 6 8 13 17
4737 26
4738 3
4739 5
4740 7
4741 5 6 13 17 21 30 33
4742 19 24
4743 8
4744 24
4745 6
4746 20
4747 13 17
4748 20
4749 8
4750 11
4751 3
4752 9
4753 24
4754 6
4755 5
4756 2 11
4757 8 30
4758 28
4759 8
4760 9
4761 13 17
4762 19
4763 5
4764 8
4765 8 24
4766 6
4767 5
4768 2
4769 7
4770 24 28
4771 2
4772 2
4773 14
4774 36
4775 4 22 32
4776 7 8
4777 2 5 13 17
4778 11 25
4779 6
4780 8
4781 35
4782 5 24
4783 21
4784 19 24
4785 3
4786 11
4787 6
4788 7 22
4789 8 19
4790 38
4791 28
4792 32
4793 3
4794 33
4795 24
4796 7
4797 18
4798 13 17
4799 4
4800 8
4801 5 18
4802 8 18 19
4803 8 30
4804 2 10
4805 11 16
4806 2
4807 16
4808 2
4809 8
4810 2
4811 16
4812 10
4813 5
4814 1
4815 10 20
4816 5
4817 13 17
4818 10
4819 27
4820 24
4821 2
4822 5
4823 8
4824 8
4825 5
4826 26
4827 30
4828 5 15
4829 2
4830 24
4831 33
4832 1
4833 2 3
4834 4
4835 5
4836 6
4837 7
4838 8
4839 9
4840 10
4841 11
4842 5
4843 2 6 11 12 13 14 15 16 17 18
4844 8
4845 19
4846 6
4847 5
4848 6
4849 2
4850 3
4851 20
4852 14
4853 11 21
4854 18 22
4855 23
4856 5 11
4857 2
4858 16
4859 8
4860 4
4861 19
4862 8 24 25
4863 5
4864 24
4865 8
4866 9
4867 6 26 27
4868 6
4869 24
4870 6 24
4871 28 29
4872 22
4873 24
4874 1
4875 5
4876 13 17
4877 7
4878 8
4879 15
4880 21
4881 6
4882 18
4883 9
4884 4 19
4885 9
4886 3 8
4887 2 3
4888 24 30
4889 1 2 3 11
4890 13 17 28
4891 8
4892 25
4893 30
4894 8
4895 2
4896 13 17
4897 2
4898 2 19 24
4899 24
4900 7
4901 24
4902 3
4903 8 19
4904 3
4905 9 19 24
4906 16
4907 7
4908 1 11 23 26 31
4909 3
4910 3 13 17
4911 5 32
4912 20
4913 21
4914 24
4915 2
4916 7
4917 2
4918 14
4919 21
4920 8
4921 8
4922 8
4923 9
4924 16
4925 5 10
4926 5
4927 32
4928 8 10 12 13 17 26 27
4929 13 17
4930 20
4931 4 26
4932 2 7 32
4933 5
4934 4
4935 6
4936 16 33
4937 8 16
4938 16
4939 24 25
4940 6
4941 2
4942 2
4943 5 31 32
4944 5
4945 8
4946 24
4947 32
4948 2
4949 19
4950 23
4951 2
4952 24 25 30
4953 20
4954 13 17 23
4955 1 16 24
4956 19
4957 18 23
4958 20
4959 20
4960 29
4961 1 13 17
4962 8 13 17 25
4963 3
4964 8 19
4965 14
4966 8
4967 7 11
4968 13 17
4969 13 17
4970 24
4971 13 17
4972 24
4973 5
4974 7 11 22
4975 6 8 19 24
4976 8 19
4977 9
4978 13 17
4979 18
4980 24
4981 24
4982 2
4983 3
4984 6
4985 8 25
4986 8
4987 8 19 24
4988 11
4989 8 19
4990 3
4991 8
4992 1
4993 22
4994 8
4995 23
4996 20
4997 8 10
4998 24
4999 6
5000 25
5001 1 16 23 25
5002 13 17
5003 19
5004 5
5005 2
5006 14
5007 10 31
5008 2
5009 18 22
5010 6
5011 19 24
5012 23
5013 2
5014 5 11
5015 5 9
5016 5 25 30
5017 11
5018 8
5019 16 20
5020 8
5021 20
5022 33
5023 23
5024 2
5025 2
5026 4 16
5027 11
5028 7
5029 23
5030 8
5031 24
5032 25
5033 19
5034 7
5035 20
5036 6
5037 21
5038 29
5039 4
5040 13 17
5041 2
5042 24
5043 14
5044 11 34
5045 8
5046 13 17
5047 24 30
5048 2
5049 7
5050 6 32
5051 5 13 17
5052 14
5053 23
5054 32
5055 20
5056 19
5057 11
5058 1 2 26 31
5059 23
5060 10
5061 35
5062 4 13 17
5063 23
5064 11
5065 19 32
5066 2 5
5067 25
5068 5
5069 3
5070 2 10 19
5071 10
5072 8
5073 30
5074 20
5075 19
5076 4
5077 16
5078 1 8 11 19 30
5079 2
5080 8
5081 24
5082 6
5083 6 13 17
5084 24
5085 19
5086 9
5087 2 24
5088 26
5089 5
5090 24
5091 16 33
5092 5
5093 13 17
5094 8
5095 24
5096 5
5097 32
5098 3
5099 10
5100 8
5101 8
5102 8
5103 7 11
5104 24
5105 13 17
5106 10
5107 11
5108 4 19
5109 24 25
5110 10
5111 8 19
5112 29
5113 25
5114 20
5115 16
5116 10
5117 7
5118 16
5119 2
5120 7
5121 25
5122 32
5123 8
5124 8 19
5125 13 17
5126 24
5127 8 10
5128 18
5129 2 4 6 12 13 17 25 28 31 32 37
5130 8
5131 2 7 20
5132 7 8
5133 3
5134 7
5135 13 17
5136 8 19 23
5137 8
5138 9
5139 9 24
5140 24 30
5141 21
5142 5 19 24 25
5143 16
5144 3 26 32
5145 2
5146 13 17 25
5147 11
5148 30
5149 11 13 17
5150 14
5151 8
5152 11
5153 3 8
5154 15 22
5155 25
5156 3
5157 24 30
5158 22
5159 8
5160 2
5161 2
5162 8 19 24
5163 6
5164 8
5165 3
5166 18
5167 10
5168 5 13 17
5169 6
5170 5 16
5171 24
5172 32
5173 8
5174 25
5175 16 30
5176 3 6
5177 8
5178 24
5179 8
5180 6
5181 16
5182 9 13 17 25 34
5183 3
5184 19
5185 2
5186 6
5187 14
5188 10
5189 5
5190 8 24
5191 8
5192 25
5193 20
5194 25
5195 10 19 30
5196 16 36
5197 18
5198 13 17
5199 14
5200 16
5201 8
5202 27
5203 8 19 20 32
5204 24
5205 31
5206 9
5207 6
5208 8
5209 4 5
5210 23
5211 23
5212 9
5213 13 17
5214 6 9
5215 2 32
5216 5 12
5217 26
5218 8 11
5219 20
5220 3 10
5221 7
5222 5
5223 2
5224 32
5225 3
5226 24
5227 20 23
5228 8
5229 2
5230 19 24
5231 31
5232 8
5233 8
5234 30
5235 10
5236 24
5237 13 17
5238 5
5239 10
5240 2
5241 13 17
5242 20
5243 3
5244 13 17
5245 19
5246 6
5247 8
5248 4
5249 32
5250 24 25
5251 24
5252 25
5253 26
5254 16
5255 10
5256 6
5257 7
5258 27
5259 8 19
5260 26
5261 26
5262 1
5263 4 13 16 17
5264 22 24
5265 6 19 22 24 30
5266 2
5267 3
5268 2
5269 8
5270 13 17 29
5271 8 32
5272 3
5273 8
5274 8
5275 14
5276 2
5277 28
5278 19 24
5279 26
5280 6
5281 25 27
5282 13 17
5283 16
5284 11
5285 10
5286 8
5287 24
5288 14
5289 2 7
5290 25
5291 6
5292 14
5293 29
5294 22 32
5295 9
5296 5
5297 32
5298 2 23 24 32
5299 8
5300 5 16 20
5301 8
5302 5 13 17
5303 26
5304 5
5305 7
5306 20
5307 24 25
5308 30
5309 6 8
5310 25
5311 5 13 14 17 18
5312 6
5313 24
5314 13 17
5315 7
5316 16
5317 19
5318 2 16 26
5319 20
5320 6 22
5321 11 22
5322 8
5323 24
5324 13 17 24
5325 7
5326 10 32
5327 2 14
5328 32
5329 4
5330 19
5331 24
5332 2 11
5333 20
5334 5 7 8 14 19 22 33
5335 8
5336 5 8
5337 8 15 19 24
5338 20
5339 8
5340 8
5341 7 25
5342 8
5343 32
5344 6
5345 21
5346 18
5347 19 24
5348 25
5349 7 25
5350 24
5351 3
5352 25
5353 8
5354 8 13 17
5355 4 7 8
5356 3 18
5357 20
5358 2 32
5359 25
5360 20
5361 13 17
5362 5
5363 24
5364 16 19
5365 15
5366 19 24
5367 25
5368 21
5369 13 17
5370 8
5371 25
5372 32
5373 23
5374 19
5375 20
5376 16
5377 8 25
5378 20
5379 3 13 17 32
5380 24
5381 14
5382 8
5383 3
5384 5
5385 10
5386 7
5387 8 19 24
5388 5 11
5389 8
5390 8
5391 6
5392 3 8
5393 5
5394 3 19 24
5395 24
5396 20
5397 25
5398 14
5399 8
5400 2
5401 5
5402 5
5403 8
5404 18
5405 9
5406 5
5407 13 17
5408 3
5409 11 19
5410 3 8
5411 8
5412 2
5413 13 17
5414 5
5415 9
5416 13 17
5417 5
5418 7
5419 8
5420 2
5421 1
5422 12
5423 8
5424 5
5425 18
5426 6 21 28
5427 8 13 17
5428 14
5429 5 8 19
5430 9 30
5431 8
5432 2
5433 16
5434 11
5435 5
5436 24
5437 33
5438 8 16
5439 26
5440 8
5441 21
5442 16
5443 24
5444 2
5445 8 19
5446 5 8
5447 16
5448 5
5449 10
5450 5
5451 7 14
5452 19
5453 2
5454 8
5455 26
5456 23
5457 6 7 11 14
5458 8
5459 8
5460 5 23
5461 11
5462 23
5463 10
5464 24
5465 13 17
5466 20
5467 6
5468 16
5469 33
5470 8
5471 13 17
5472 24 25
5473 23
5474 16
5475 33
5476 20
5477 16 30
5478 8
5479 20 22 26
5480 4 8 10 19 28
5481 6
5482 8
5483 5
5484 5 33
5485 2
5486 21
5487 13 17
5488 8
5489 27
5490 19
5491 8
5492 2
5493 8
5494 5
5495 8
5496 5
5497 25
5498 8
5499 3 7
5500 19 30
5501 3 25 26
5502 8
5503 16
5504 21
5505 32
5506 8
5507 30
5508 8
5509 11
5510 16
5511 24
5512 16
5513 33
5514 9
5515 8
5516 24
5517 1
5518 7
5519 26
5520 19
5521 6
5522 14
5523 25
5524 24
5525 24
5526 24
5527 2
5528 16
5529 3
5530 13 17
5531 8
5532 6 11
5533 9
5534 26
5535 5
5536 30
5537 16 24
5538 7
5539 30
5540 19
5541 7 24
5542 18
5543 19
5544 10
5545 1 9 36
5546 16 19
5547 16
5548 32
5549 5
5550 7
5551 19
5552 6 8 19
5553 11 25
5554 8 32
5555 19
5556 19
5557 16
5558 5 24
5559 4 6 31 32
5560 5
5561 6
5562 6 8 24
5563 8 19
5564 20
5565 8
5566 16 25
5567 8
5568 10
5569 14
5570 25
5571 7 22
5572 10
5573 6
5574 6 12
5575 8
5576 5
5577 25
5578 13 17
5579 16
5580 30
5581 24
5582 19
5583 26
5584 8
5585 10
5586 20
5587 30
5588 22
5589 19 33
5590 2
5591 8
5592 7 22
5593 6
5594 13 17
5595 5 24
5596 26
5597 18
5598 14
5599 25
5600 8
5601 19
5602 3
5603 6 10
5604 5
5605 26
5606 8
5607 6 9 10 19 29
5608 11
5609 7 22
5610 26
5611 7
5612 2
5613 5 8 11 13 17 19
5614 6
5615 10 19 24
5616 6
5617 2
5618 10 25 30
5619 6 13 17
5620 7
5621 26
5622 14
5623 6 33
5624 4 20
5625 5
5626 21
5627 8 19
5628 19
5629 5 19
5630 6
5631 10
5632 19
5633 6 22
5634 19
5635 18 36
5636 5
5637 7
5638 33
5639 34
5640 21
5641 24 25
5642 24
5643 7
5644 30
5645 13 17
5646 8 19
5647 5
5648 19
5649 5 22
5650 1 2 3 11 20
5651 21
5652 8
5653 11
5654 33
5655 24
5656 23
5657 5
5658 32
5659 14
5660 5
5661 25
5662 4
5663 8
5664 16 36
5665 24
5666 4
5667 8 25
5668 18
5669 8 10 19
5670 24
5671 13
5672 19
5673 8
5674 2
5675 7
5676 22
5677 2
5678 6
5679 36
5680 22
5681 4 11 15 20
5682 24
5683 3
5684 13 17
5685 19
5686 19
5687 4
5688 28
5689 6
5690 3
5691 20 23 31
5692 18
5693 21
5694 8
5695 6
5696 16
5697 6
5698 6
5699 2
5700 19
5701 24
5702 5
5703 23
5704 32
5705 1 9 26 33
5706 5
5707 3 13 17
5708 19
5709 8
5710 16 19
5711 7
5712 2 10
5713 16
5714 2
5715 8 19 22
5716 6 8
5717 19
5718 11 14
5719 10
5720 19
5721 19
5722 19
5723 24 30
5724 30
5725 5
5726 8
5727 6
5728 26
5729 19
5730 3 18
5731 26
5732 4
5733 3
5734 33 36
5735 32
5736 19
5737 5 24
5738 2
5739 11 24
5740 8
5741 18
5742 8 30
5743 33
5744 19
5745 2
5746 3
5747 5
5748 10 23
5749 2 14
5750 9
5751 13 17 30
5752 11
5753 14
5754 3
5755 13 17
5756 29
5757 24
5758 8
5759 10
5760 5
5761 16
5762 16
5763 14
5764 19
5765 7
5766 19
5767 9
5768 4
5769 11
5770 20
5771 6 32
5772 19
5773 18
5774 3
5775 24
5776 9
5777 20
5778 9
5779 20
5780 9
5781 3
5782 14
5783 20
5784 24
5785 3 5
5786 10 18 20 26 29
5787 8
5788 10
5789 2
5790 2 20
5791 31
5792 19
5793 24
5794 11
5795 8 19
5796 4 5
5797 4 14
5798 6
5799 13 17
5800 7
5801 3
5802 24
5803 8
5804 2
5805 2 14
5806 5
5807 19
5808 23
5809 3 6
5810 13 17
5811 14
5812 21
5813 3 8
5814 30
5815 19
5816 24
5817 16 19
5818 32
5819 7
5820 8 19
5821 9
5822 11
5823 4 19
5824 23
5825 25
5826 11
5827 10
5828 20
5829 23
5830 5
5831 8
5832 14
5833 10 32
5834 19
5835 19
5836 5
5837 5
5838 7
5839 25
5840 5
5841 8 19
5842 10
5843 8
5844 3
5845 12
5846 5
5847 8
5848 31
5849 24 30
5850 6
5851 16
5852 13 17
5853 25
5854 19
5855 3 19 25
5856 2 14
5857 22 32
5858 7 11 19 24 30
5859 16
5860 8
5861 21
5862 7
5863 5
5864 19
5865 22
5866 13 17
5867 20
5868 6
5869 8
5870 24
5871 30
5872 7
5873 10
5874 26
5875 13 17
5876 19 24
5877 16
5878 13 17
5879 32
5880 19 25
5881 31 32
5882 26
5883 3
5884 19
5885 18
5886 1 14 24
5887 11
5888 11
5889 16 29
5890 3
5891 5 19
5892 13 14
5893 3 6
5894 8 19
5895 7
5896 32
5897 5 6
5898 8 27
5899 21
5900 16
5901 23
5902 5 22 26
5903 2
5904 25
5905 6
5906 19
5907 30
5908 5
5909 28
5910 2
5911 2 11
5912 5 23 26
5913 32
5914 13 17
5915 2 14 24 29
5916 8 24 25 30
5917 8
5918 1 3 5 6 7 8 11 26 28 34
5919 6
5920 11 29
5921 23
5922 6
5923 24
5924 16 19
5925 30
5926 21
5927 8 20
5928 18
5929 11 33
5930 37
5931 16
5932 8
5933 24
5934 5
5935 24
5936 2
5937 32 37
5938 9
5939 16
5940 24
5941 9
5942 8
5943 5
5944 3 8
5945 8 19
5946 2
5947 6
5948 11
5949 32
5950 2
5951 16
5952 16
5953 23
5954 5
5955 7 22
5956 8
5957 11
5958 2
5959 26
5960 6
5961 8
5962 29
5963 8 20
5964 8
5965 24
5966 25
5967 6
5968 19 24
5969 16
5970 13 17
5971 7 22
5972 22
5973 2 18 30
5974 8 19
5975 6
5976 24 30
5977 7
5978 6
5979 6 19
5980 3 14
5981 7
5982 9
5983 24
5984 5
5985 6
5986 4 18 29 32
5987 19
5988 20
5989 7 22
5990 2
5991 5
5992 10
5993 14
5994 4 6
5995 29
5996 6 14
5997 6 20 28
5998 6
5999 3 11 13 17
6000 7 14
6001 6
6002 14
6003 13 17
6004 11 21
6005 6
6006 11
6007 3 8
6008 19
6009 3
6010 5
6011 19
6012 3 30
6013 13 17
6014 2
6015 7 9 10 23
6016 1 6 19 36
6017 6
6018 5
6019 16 19
6020 8
6021 14
6022 7
6023 2
6024 16
6025 19
6026 26
6027 13 17
6028 5
6029 11 22 24 27
6030 14
6031 16
6032 30
6033 35
6034 6
6035 29
6036 8
6037 2
6038 20 22
6039 5
6040 5
6041 16
6042 8 19
6043 8 19
6044 22
6045 19 24
6046 6
6047 5
6048 8
6049 8 19
6050 16
6051 7
6052 7 25
6053 11
6054 8 29
6055 19 24
6056 6 30
6057 3 13 17 26 31 32
6058 21
6059 5
6060 19
6061 8
6062 16
6063 5
6064 19
6065 10
6066 21 28 32
6067 19
6068 19
6069 8
6070 7
6071 6
6072 5 6 20 32
6073 29
6074 8
6075 7
6076 19
6077 24
6078 6 24
6079 19
6080 24
6081 6 24
6082 18
6083 2 14
6084 33
6085 13 14 17
6086 10
6087 9
6088 6
6089 16
6090 19
6091 23 24 30
6092 7 28
6093 1
6094 13
6095 11
6096 19
6097 24 25
6098 6
6099 5 22 29
6100 6
6101 3 6 19
6102 6
6103 33
6104 7 19 30
6105 14 22
6106 16
6107 23
6108 8 19
6109 6
6110 6 8 9
6111 25 30
6112 20 26 32
6113 3 8 11 25
6114 19
6115 13 17
6116 24
6117 19
6118 24
6119 22
6120 19
6121 19
6122 10 24 26
6123 30
6124 5 8
6125 11
6126 33
6127 8
6128 6
6129 10
6130 9
6131 7 19 26
6132 8
6133 10
6134 24
6135 3
6136 6 7 8 11
6137 5
6138 20
6139 5
6140 8
6141 14 30
6142 4 16
6143 8
6144 5
6145 6 16
6146 2
6147 11
6148 8
6149 6
6150 8
6151 9
6152 19
6153 4 7 19
6154 14
6155 6
6156 32
6157 3 5 13 17 24 25
6158 19
6159 26
6160 8 19
6161 19
6162 19
6163 1 9
6164 6
6165 13 17 28 33
6166 3 6
6167 2 3 5
6168 13 17
6169 24
6170 24
6171 18
6172 10
6173 20 32
6174 16
6175 1
6176 24
6177 5
6178 23
6179 22
6180 3 6 25
6181 8
6182 19
6183 11 19 24
6184 6 7 24
6185 5
6186 19
6187 3 8
6188 6
6189 6
6190 19
6191 24
6192 18
6193 8
6194 36
6195 5
6196 9
6197 2
6198 10
6199 5
6200 5
6201 8
6202 7
6203 24
6204 6
6205 13 17
6206 2
6207 23
6208 20 24 25
6209 20
6210 7
6211 3
6212 5
6213 35
6214 32
6215 9 13 17
6216 2
6217 7
6218 11
6219 5 24 25
6220 19
6221 6
6222 16 24
6223 5 19 25
6224 21
6225 16
6226 24
6227 24
6228 24
6229 10
6230 4
6231 6 9 13 17
6232 2
6233 8
6234 6
6235 3 6
6236 4 5 7 16
6237 20
6238 8 11
6239 5
6240 26
6241 2
6242 10
6243 6 16
6244 22
6245 19
6246 5
6247 3
6248 2
6249 13 17
6250 7 8
6251 5 8
6252 4 26
6253 7
6254 7
6255 8 10
6256 24
6257 5
6258 8
6259 7
6260 23
6261 8
6262 8
6263 25
6264 7 36
6265 6
6266 6
6267 2 32
6268 24 30
6269 19
6270 6
6271 23
6272 8 19
6273 13 17 30
6274 24
6275 5
6276 3
6277 19
6278 14
6279 5
6280 8
6281 13 17
6282 8
6283 24
6284 19
6285 8
6286 24
6287 2 6
6288 19
6289 22
6290 8
6291 24
6292 22
6293 19
6294 4
6295 20
6296 25
6297 8 30
6298 6 32
6299 6 19
6300 24
6301 8 13 17
6302 20
6303 5 21
6304 19
6305 14 20 26
6306 36
6307 9
6308 6
6309 23
6310 19
6311 12
6312 3 5
6313 19 24
6314 14
6315 5 8
6316 4
6317 5
6318 18
6319 33
6320 8 19
6321 9
6322 36
6323 23
6324 9 26
6325 14
6326 26
6327 34
6328 10
6329 6
6330 6
6331 10 18 26 36
6332 9
6333 24
6334 33
6335 11 19
6336 16
6337 20
6338 18 26 37
6339 5 13 17
6340 5
6341 12
6342 10
6343 13 17 24
6344 8 13 17 22 27
6345 3 19
6346 14
6347 16 24
6348 1 19 28
6349 11
6350 6
6351 21
6352 1 4
6353 3 7
6354 3 13 17
6355 7 11 19 24
6356 16 23
6357 5
6358 5
6359 5 14
6360 1 16
6361 6 16
6362 8
6363 37
6364 8 19
6365 26
6366 29
6367 19
6368 19
6369 20
6370 16
6371 7 8
6372 10
6373 3 10 26
6374 24
6375 19
6376 22
6377 8 13 17 19
6378 21
6379 13 17
6380 4
6381 2
6382 13 17
6383 16
6384 1 27 37
6385 5
6386 32
6387 6
6388 22
6389 37
6390 2 19
6391 7
6392 20
6393 21
6394 24
6395 13 17 33
6396 19
6397 2
6398 7 14
6399 3
6400 6
6401 3 6 16 20 26 33
6402 5 18
6403 1 16 22 30
6404 37
6405 8 19
6406 8
6407 19
6408 4 16
6409 6 10
6410 6
6411 2
6412 14 28
6413 20
6414 16
6415 21
6416 16
6417 3
6418 2
6419 6 24 30
6420 18
6421 16 19
6422 8 19
6423 23
6424 10
6425 4 19
6426 5 33
6427 7 19 24 25
6428 6
6429 11
6430 5
6431 9 29
6432 2
6433 5
6434 5
6435 2
6436 22 30
6437 20
6438 21
6439 21
6440 21 24
6441 2
6442 23
6443 6
6444 20
6445 7
6446 9
6447 19
6448 21
6449 5
6450 8
6451 5
6452 21
6453 21
6454 19 29
6455 19
6456 5
6457 13 17
6458 8
6459 9
6460 11
6461 33
6462 2 21
6463 6 24
6464 7
6465 2
6466 5
6467 24
6468 18
6469 8 19
6470 31
6471 4 8
6472 5
6473 13 17
6474 10
6475 3 29
6476 21
6477 6
6478 3
6479 20
6480 7 21
6481 2
6482 14
6483 11
6484 5
6485 2
6486 21
6487 10
6488 9
6489 10
6490 5
6491 8
6492 5
6493 13 17
6494 32
6495 6 33
6496 2
6497 9 21
6498 8
6499 8 18
6500 33
6501 8 31
6502 16
6503 4 7
6504 8
6505 30
6506 8
6507 11 14
6508 24
6509 8
6510 7
6511 6
6512 19
6513 19
6514 8
6515 11
6516 5
6517 24
6518 2 6
6519 6
6520 14
6521 5
6522 18
6523 2 6 14 19
6524 6
6525 4
6526 3
6527 22
6528 26
6529 28
6530 3 6
6531 2
6532 16 24
6533 29
6534 18
6535 10
6536 21
6537 31
6538 2 3
6539 2
6540 3
6541 7
6542 4
6543 4 8
6544 19 24
6545 19
6546 3
6547 21
6548 8
6549 13 17 38
6550 5
6551 26
6552 5
6553 8
6554 5 29
6555 15
6556 6
6557 5 30
6558 11
6559 22
6560 9 14
6561 11
6562 23
6563 8 19
6564 7 25
6565 24
6566 5
6567 16 24
6568 2
6569 2
6570 3
6571 19
6572 5
6573 24
6574 7 11 22
6575 8
6576 26
6577 24 25
6578 2
6579 24
6580 13 17 33
6581 5 10 26 29
6582 5 7 19
6583 14
6584 8 16
6585 21
6586 19
6587 5
6588 19 24
6589 28 32
6590 2
6591 7 22
6592 3 7
6593 21
6594 18
6595 35
6596 8 11 13 17
6597 24
6598 6
6599 6
6600 10
6601 2
6602 19
6603 2 18
6604 24
6605 3
6606 10 26 29
6607 8
6608 16
6609 5 14
6610 10
6611 38
6612 19
6613 5
6614 1 2 15 32
6615 14
6616 22
6617 8
6618 5
6619 2 21 32
6620 22
6621 3
6622 5
6623 1
6624 26
6625 9
6626 8 19
6627 11
6628 25
6629 24
6630 24
6631 24 30
6632 26
6633 6
6634 20
6635 2
6636 5 13 17
6637 21
6638 6
6639 26
6640 7 16
6641 28
6642 22
6643 9 18
6644 13 17 24
6645 6 13 15 17 19
6646 14 15
6647 23
6648 5
6649 24
6650 24
6651 5
6652 14
6653 4
6654 14
6655 6 36
6656 6 18 20
6657 18
6658 5
6659 31 32
6660 5 6 19
6661 3
6662 11
6663 25
6664 16
6665 20
6666 10
6667 14
6668 11 13
6669 11
6670 19
6671 13
6672 14
6673 14
6674 3 23
6675 8 19
6676 11
6677 2 21
6678 4 5 6 9 20 36
6679 6 28 29
6680 32
6681 28
6682 35
6683 8
6684 6
6685 14
6686 30
6687 21
6688 19 25
6689 9 13 17 37
6690 8
6691 13 17 36
6692 5
6693 3 14
6694 8 19
6695 13 17
6696 14
6697 2 9
6698 2
6699 11
6700 9
6701 1 6 27 38
6702 8
6703 2
6704 6
6705 7 18 22 30
6706 2
6707 14
6708 19
6709 1 2
6710 10
6711 18
6712 23 32
6713 11
6714 18
6715 2
6716 2
6717 18
6718 18 19
6719 5
6720 19
6721 24 25 30
6722 13 17
6723 19
6724 19 20 24
6725 7
6726 36
6727 30
6728 3
6729 30
6730 7
6731 23
6732 24
6733 16
6734 8
6735 3
6736 13 17 24
6737 8 15
6738 24
6739 11
6740 8
6741 19
6742 2
6743 24
6744 3
6745 8
6746 21
6747 6
6748 13
6749 16 28 32
6750 6
6751 34
6752 21
6753 4
6754 2 10
6755 23
6756 6
6757 6 19 24
6758 35
6759 13 17 19
6760 5 11
6761 24
6762 19
6763 6
6764 6
6765 6 30
6766 24
6767 16
6768 2
6769 4
6770 11 14
6771 7
6772 7
6773 3
6774 8
6775 7
6776 10 15
6777 28
6778 2 19
6779 8
6780 1
6781 19
6782 8
6783 5
6784 8 16
6785 3 9 13
6786 19
6787 5
6788 7
6789 10 32
6790 24
6791 5
6792 2 5 6 11 18 36
6793 5
6794 8 19
6795 2 11 19
6796 3 28 32
6797 3
6798 38
6799 19 24
6800 21
6801 6
6802 2 14 24
6803 7
6804 3
6805 6
6806 8
6807 8 19
6808 5
6809 19
6810 7
6811 19
6812 3
6813 33
6814 20
6815 5
6816 26
6817 7
6818 29
6819 5
6820 5
6821 19
6822 23
6823 21
6824 8
6825 2 35
6826 16
6827 3
6828 8
6829 8
6830 8
6831 3
6832 3 31 32
6833 13 17
6834 4
6835 5 24 30
6836 6
6837 14 15
6838 24
6839 5
6840 5
6841 27
6842 24
6843 18
6844 8 19
6845 13 17
6846 4
6847 2 9
6848 19 26
6849 9 19
6850 6
6851 19
6852 16
6853 26
6854 8 24
6855 19
6856 20
6857 32
6858 8 32
6859 6
6860 37
6861 13 17 19 26
6862 21
6863 8 19
6864 3
6865 20
6866 8 18
6867 7
6868 7
6869 21
6870 16
6871 8
6872 19
6873 23
6874 24
6875 3
6876 6
6877 30
6878 20
6879 24
6880 24
6881 32
6882 3
6883 11
6884 6 8
6885 6
6886 6 9 19 29
6887 14
6888 19
6889 25
6890 15
6891 13 17
6892 19
6893 4
6894 5 13 17
6895 9
6896 6
6897 8 11
6898 24
6899 16 24
6900 7 14 16 23 25
6901 6
6902 2 8 11 19 32
6903 6
6904 7
6905 3
6906 6
6907 26
6908 7
6909 19
6910 14
6911 13
6912 8 19
6913 9 18
6914 9
6915 3 6
6916 18 26
6917 2
6918 29
6919 10
6920 3 5 14 21
6921 25
6922 21
6923 16
6924 2
6925 19 24
6926 13 23 36
6927 19 24
6928 5
6929 5
6930 16
6931 28
6932 8
6933 10
6934 3 6
6935 6
6936 24
6937 8
6938 1 2 13 17
6939 9
6940 5
6941 22
6942 30
6943 5 6 24
6944 5
6945 2
6946 16
6947 19 24
6948 5
6949 2
6950 5 23 24
6951 18
6952 13 17 33
6953 16
6954 11 13 17
6955 38
6956 5 16
6957 6
6958 2
6959 5
6960 6
6961 2 5 7
6962 32
6963 5 8 11
6964 16
6965 5
6966 31 32
6967 28
6968 5 32
6969 29
6970 7
6971 30
6972 5
6973 2
6974 2
6975 16
6976 24
6977 6
6978 5 21
6979 10
6980 2
6981 5 6 30
6982 13 17 19
6983 38
6984 2 3 6 7 13 17 23 32
6985 19
6986 5
6987 28
6988 6
6989 33
6990 6 7 13 15 17 32
6991 16
6992 8
6993 11 19
6994 24
6995 8 19
6996 8
6997 2
6998 2
6999 3
7000 2
7001 13 17 20
7002 2 7 10
7003 22
7004 3 6
7005 14
7006 36
7007 19
7008 24
7009 23
7010 20
7011 9
7012 2
7013 14 19
7014 24
7015 13 17
7016 7
7017 21
7018 25
7019 24
7020 2
7021 6
7022 8
7023 2 3
7024 24
7025 19
7026 20
7027 9
7028 3
7029 3
7030 6
7031 13
7032 32
7033 2
7034 13 17
7035 18 31
7036 24
7037 19
7038 3
7039 13 19
7040 16
7041 2
7042 2
7043 5
7044 2 13 17 21
7045 2 14 20 22 23 32
7046 6
7047 11
7048 6
7049 24
7050 6 13 17
7051 19
7052 5
7053 32
7054 22
7055 24 30
7056 5 10
7057 28
7058 21
7059 16 23
7060 30
7061 23 24 25 30
7062 32
7063 19
7064 19
7065 16
7066 26
7067 5
7068 16
7069 6
7070 3
7071 8 19
7072 36
7073 3
7074 3
7075 15 21
7076 3 8 10 30
7077 6
7078 14 30 33
7079 9 19
7080 13 17
7081 8
7082 5
7083 5
7084 16
7085 24
7086 2 7 14
7087 2 5
7088 32
7089 19
7090 18 22
7091 24
7092 7
7093 8
7094 16
7095 13 17
7096 5
7097 7 22
7098 6
7099 8
7100 6 12 20 27
7101 6
7102 21
7103 6 16
7104 6 22
7105 2 7
7106 23
7107 19
7108 2
7109 21
7110 24
7111 2
7112 29
7113 15
7114 24
7115 6
7116 8
7117 2
7118 8 26 29
7119 30
7120 5
7121 24
7122 6
7123 8
7124 16
7125 1 6 18 20 29
7126 13
7127 8
7128 32
7129 11 16 19
7130 3 6
7131 19
7132 6
7133 1 19
7134 8 19 22
7135 5 13 17
7136 10 13 32
7137 24
7138 36
7139 13 17
7140 19
7141 23
7142 6 32
7143 19 33
7144 6
7145 30
7146 9
7147 10
7148 6
7149 19
7150 19 24
7151 19
7152 14
7153 13 17
7154 19 24
7155 8
7156 6
7157 2
7158 14
7159 19 24 25 30
7160 5
7161 19
7162 19
7163 1
7164 4 5
7165 5 19
7166 8
7167 19
7168 5 6
7169 23 24
7170 5
7171 5 13
7172 23
7173 19
7174 2
7175 6
7176 5 16
7177 16
7178 8
7179 8 19
7180 2
7181 37
7182 19
7183 2
7184 13 17 24
7185 3
7186 6 11
7187 16
7188 2
7189 2 13 17
7190 24
7191 30
7192 16 32
7193 5
7194 6
7195 23
7196 18 24
7197 16
7198 11
7199 11 19
7200 8
7201 13 17
7202 7
7203 13 17
7204 24
7205 24
7206 8
7207 23
7208 5
7209 8
7210 13 17
7211 14
7212 7
7213 19
7214 33
7215 38
7216 20
7217 21
7218 4 15 18 26
7219 21
7220 21
7221 6
7222 21
7223 5
7224 5 6 24
7225 21
7226 5
7227 21 26
7228 7
7229 6
7230 5
7231 21
7232 10
7233 3
7234 32
7235 28
7236 22
7237 2 3 28 29 32
7238 3
7239 2
7240 2
7241 3
7242 5
7243 19 24
7244 23
7245 2
7246 24
7247 3
7248 21
7249 37
7250 18
7251 19
7252 8 15
7253 14
7254 10
7255 13 17 32
7256 8
7257 7
7258 20
7259 16
7260 23 24
7261 3 14
7262 24
7263 6
7264 21
7265 33
7266 2 10
7267 32
7268 6
7269 32
7270 6
7271 8 19
7272 10 19
7273 5
7274 2
7275 22
7276 2
7277 4 23
7278 19
7279 14
7280 7 11 19 30
7281 32
7282 21 33
7283 8 19
7284 2
7285 30
7286 19
7287 19 24
7288 19
7289 7
7290 16
7291 19
7292 38
7293 19 30
7294 13 14 26
7295 6 10
7296 6
7297 16
7298 3
7299 19
7300 6
7301 30
7302 20
7303 13 17
7304 19
7305 6
7306 9
7307 1 24
7308 18
7309 28 32
7310 22
7311 3
7312 16
7313 23
7314 8 24
7315 36
7316 3 6
7317 6
7318 19
7319 18
7320 5 21
7321 8
7322 5
7323 5
7324 3 8 13 17 29
7325 7
7326 19
7327 2 36
7328 16
7329 5
7330 3
7331 19
7332 23
7333 11
7334 15
7335 3 13 17
7336 11
7337 24
7338 6
7339 2
7340 5
7341 22
7342 18
7343 21
7344 23
7345 2
7346 25
7347 18
7348 5
7349 8
7350 2
7351 8
7352 19
7353 19 24
7354 26
7355 5 13 17
7356 6
7357 3 6
7358 14
7359 8 19
7360 2
7361 5
7362 8 19
7363 8
7364 7
7365 8
7366 8 19
7367 7
7368 16 30
7369 2
7370 26
7371 8
7372 2
7373 29
7374 24
7375 8 19
7376 26
7377 13 17
7378 6 7
7379 5
7380 19
7381 30
7382 8
7383 2
7384 6 8
7385 26
7386 8 18
7387 3 13 17
7388 21
7389 6 8 22
7390 32
7391 5
7392 32
7393 6
7394 6
7395 8
7396 7 9 20
7397 3 13 17
7398 36
7399 8
7400 14
7401 8 13 17 33
7402 21
7403 7
7404 19
7405 20
7406 7
7407 6
7408 16 19
7409 10
7410 21
7411 14
7412 2
7413 16
7414 5
7415 2 7
7416 5
7417 6 36
7418 24
7419 4 15
7420 6
7421 5
7422 22
7423 16
7424 9
7425 19
7426 8
7427 19
7428 8 19
7429 8 16 19 24
7430 30
7431 16 27
7432 19
7433 3 23
7434 8
7435 16
7436 7
7437 3 6
7438 2
7439 26
7440 5
7441 3 6
7442 6
7443 6
7444 11
7445 6
7446 2
7447 4
7448 24
7449 23
7450 20
7451 14
7452 24 30
7453 36
7454 6
7455 6
7456 10
7457 8 16
7458 36
7459 7 37
7460 19
7461 7
7462 6 7
7463 16
7464 9
7465 13 17
7466 13 17
7467 5
7468 20
7469 7 9
7470 38
7471 5
7472 1 13 17
7473 33
7474 5
7475 2
7476 5
7477 3
7478 5
7479 1
7480 3
7481 5
7482 23
7483 5
7484 2
7485 8
7486 9
7487 32
7488 23
7489 3
7490 6
7491 28
7492 18
7493 7
7494 8
7495 20
7496 18
7497 32
7498 23
7499 19
7500 16
7501 8 16 19
7502 16 19
7503 32
7504 10
7505 4
7506 28
7507 11
7508 11 14
7509 6
7510 14
7511 7
7512 5 13 16 17
7513 15 22 26
7514 3 7
7515 10
7516 11
7517 21
7518 19
7519 5
7520 21
7521 3
7522 16
7523 2
7524 2
7525 24
7526 5
7527 19
7528 21
7529 24
7530 18
7531 19 24
7532 4
7533 3
7534 23 24
7535 6 8 18 29
7536 23 28
7537 6
7538 23
7539 22
7540 3
7541 30
7542 6
7543 21
7544 6
7545 30
7546 28
7547 7
7548 3
7549 8 19
7550 6
7551 1
7552 19
7553 8
7554 37
7555 13 17
7556 7
7557 2
7558 5
7559 7 33
7560 16
7561 16
7562 3
7563 4 19
7564 18
7565 8
7566 8 25
7567 37
7568 3
7569 2 7
7570 8 27
7571 13 17
7572 2
7573 7
7574 33
7575 15 31
7576 38
7577 11
7578 19
7579 12 19 24
7580 5 32
7581 38
7582 20 28 32
7583 13 17
7584 8
7585 16
7586 5
7587 6
7588 8 19
7589 8
7590 4 8
7591 6
7592 23
7593 2
7594 15
7595 5
7596 21
7597 19
7598 5
7599 24
7600 20
7601 5
7602 8
7603 18
7604 3 6
7605 18
7606 6
7607 21
7608 29
7609 2
7610 9
7611 13
7612 10
7613 2
7614 23 24
7615 9 32
7616 18
7617 6
7618 5
7619 5 13
7620 19
7621 8 19
7622 7
7623 8
7624 20
7625 15
7626 2
7627 29
7628 7 34
7629 36
7630 30
7631 3
7632 8
7633 2 31
7634 19
7635 2 21
7636 8
7637 19
7638 19
7639 8
7640 18
7641 27
7642 26
7643 6
7644 2
7645 6
7646 25
7647 24
7648 5 10
7649 32
7650 21
7651 37
7652 14
7653 19
7654 18
7655 16 29
7656 24
7657 11
7658 23 36
7659 11
7660 2
7661 19
7662 8 19
7663 7
7664 20
7665 2
7666 30
7667 2
7668 32
7669 5
7670 8
7671 11
7672 24
7673 19
7674 5 21
7675 18
7676 24
7677 37
7678 7
7679 24
7680 38
7681 10 19 31 36
7682 8 19
7683 16 18
7684 8 30
7685 32
7686 11
7687 9
7688 24
7689 2 21
7690 24
7691 6 16
7692 16
7693 6
7694 36
7695 5
7696 7
7697 3
7698 30
7699 14
7700 3 6 19
7701 19
7702 6
7703 22 24 30
7704 32
7705 8
7706 28
7707 6 18
7708 6
7709 9 11 36
7710 3
7711 19
7712 13 17 19
7713 8
7714 5
7715 7 14
7716 7 14
7717 25
7718 6 24
7719 14 15
7720 26
7721 24
7722 5
7723 33
7724 2
7725 8
7726 19
7727 19
7728 4
7729 6
7730 13 15 16 17 33
7731 19 24
7732 9
7733 16
7734 23
7735 8 19
7736 6 24
7737 25
7738 33
7739 8
7740 5
7741 5
7742 18
7743 4
7744 28
7745 20
7746 22
7747 7
7748 6
7749 5
7750 3
7751 14
7752 19
7753 2 9 24
7754 8
7755 7
7756 19
7757 8
7758 3 21
7759 35 39
7760 3 16
7761 8
7762 10
7763 6
7764 16
7765 25
7766 6
7767 6 24
7768 21
7769 18
7770 2
7771 19
7772 18 24
7773 7 18
7774 6 25
7775 2
7776 8
7777 7
7778 19
7779 2
7780 16
7781 18
7782 19
7783 26
7784 5
7785 6
7786 19
7787 12
7788 14
7789 26
7790 8
7791 3 8
7792 8 19
7793 18
7794 3
7795 4 5
7796 6
7797 13
7798 18
7799 3
7800 6 18
7801 13
7802 22
7803 5
7804 7
7805 5 11
7806 6
7807 19
7808 5
7809 16
7810 3
7811 13 17
7812 2 7
7813 33
7814 5
7815 8 22
7816 19
7817 5
7818 24
7819 7
7820 3 15 19
7821 2
7822 22
7823 20
7824 3
7825 6
7826 10
7827 5
7828 11
7829 10
7830 5
7831 6 18
7832 8
7833 8 19
7834 11
7835 3
7836 16
7837 11 19 20
7838 6
7839 6
7840 8
7841 6
7842 10
7843 18
7844 8
7845 3
7846 1 2 5 14 19 20
7847 5
7848 28
7849 24 37
7850 19
7851 2
7852 8
7853 25 30
7854 22 32
7855 21
7856 6
7857 12
7858 22
7859 8 35
7860 24
7861 2
7862 10
7863 19
7864 4
7865 9
7866 4
7867 14 20 29
7868 6
7869 32
7870 11
7871 23
7872 15 19
7873 21
7874 6 32
7875 6
7876 6 32
7877 4
7878 8 19 28
7879 4
7880 3
7881 8 24
7882 8
7883 21
7884 19 31
7885 19
7886 37
7887 37
7888 5
7889 5
7890 9
7891 10
7892 16 29
7893 23
7894 10
7895 3 8
7896 18
7897 19
7898 19
7899 2
7900 8
7901 5
7902 6
7903 3
7904 7 16 29
7905 30
7906 15 22
7907 23
7908 3
7909 6
7910 11
7911 12
7912 8 19
7913 5
7914 9 19 36
7915 8
7916 24
7917 1 3 6 11
7918 24
7919 8
7920 8 19
7921 6
7922 8 19
7923 14
7924 12 28
7925 10
7926 24 30
7927 10
7928 22
7929 6
7930 8
7931 2
7932 19
7933 23
7934 2
7935 4
7936 5
7937 28
7938 11
7939 6
7940 19
7941 5
7942 14
7943 6
7944 31 32
7945 24
7946 10
7947 3
7948 30
7949 30
7950 8
7951 33
7952 16
7953 5
7954 18
7955 6 19
7956 24
7957 7 13 17
7958 7
7959 3 6
7960 8
7961 6
7962 6
7963 6
7964 6
7965 7
7966 13 17
7967 30
7968 7
7969 24
7970 7 18
7971 19
7972 7
7973 28
7974 10
7975 27
7976 9 30
7977 10
7978 6
7979 33
7980 20
7981 5
7982 6
7983 20
7984 10
7985 14
7986 5
7987 3
7988 5 24 30
7989 6
7990 10
7991 24
7992 3
7993 6
7994 5
7995 5
7996 6
7997 6
7998 3 5 16
7999 13 17 33
8000 16
8001 14
8002 2 7
8003 19 30
8004 11 21
8005 3
8006 8
8007 38
8008 9 29
8009 6
8010 20 35
8011 5 8
8012 8
8013 16
8014 31 32
8015 1
8016 19 24
8017 14
8018 5
8019 16
8020 5
8021 19
8022 11
8023 24
8024 3
8025 23
8026 16
8027 14 20
8028 18
8029 6
8030 13 17 35
8031 5
8032 3
8033 11
8034 7 14
8035 19 24
8036 6
8037 7
8038 8
8039 1
8040 19
8041 8
8042 3
8043 8
8044 2
8045 24
8046 22
8047 30
8048 19
8049 2
8050 16
8051 33
8052 10
8053 5
8054 19 22
8055 8 19
8056 29
8057 19
8058 23
8059 19
8060 2
8061 19
8062 6
8063 16
8064 5
8065 13 14 28 32
8066 16 19 24
8067 11
8068 5
8069 16
8070 20
8071 2
8072 19
8073 15 23
8074 5 6 8 19
8075 25
8076 3 8
8077 4 8 19 24
8078 9
8079 8 28
8080 32
8081 8 19
8082 8
8083 8
8084 18
8085 7
8086 2
8087 36
8088 32
8089 6
8090 19
8091 23
8092 6
8093 30
8094 2 10
8095 24
8096 21
8097 6
8098 1 22
8099 2 3 6 11 32
8100 20
8101 24
8102 33
8103 2 8
8104 6
8105 24
8106 16
8107 7 14 24
8108 5 24
8109 6
8110 8
8111 18 32
8112 26
8113 6
8114 4 19 24 37
8115 7
8116 27
8117 20
8118 3
8119 5
8120 2
8121 3
8122 6 30
8123 24
8124 7 15
8125 19
8126 6
8127 19
8128 3 13 17
8129 2
8130 25
8131 2 7
8132 2
8133 7 14
8134 6
8135 4
8136 3
8137 8 19
8138 3
8139 16
8140 6
8141 6
8142 13 17
8143 21
8144 24
8145 19
8146 4 13 17
8147 20
8148 16
8149 15
8150 19
8151 19
8152 10
8153 2 19
8154 19 24 30
8155 13 17
8156 5 16
8157 30
8158 23
8159 19
8160 8
8161 8 19
8162 2 5 23
8163 27
8164 26
8165 6
8166 21
8167 4 16
8168 6 16 24
8169 16
8170 5 16
8171 16
8172 6
8173 8 19
8174 7
8175 2 25
8176 3 28
8177 1 6 8 11
8178 9
8179 9
8180 8
8181 3
8182 24 38
8183 2
8184 8
8185 7 36
8186 2
8187 11
8188 24
8189 8
8190 5 24
8191 5 11
8192 32
8193 3 24
8194 19
8195 19 24 30
8196 2 3
8197 13 15 17
8198 2 8 28
8199 7
8200 35
8201 11
8202 5
8203 18
8204 5
8205 32
8206 8 36
8207 6
8208 9 13 17 19
8209 6
8210 2
8211 1 5
8212 24
8213 36
8214 19 24
8215 23 24
8216 9
8217 4 20
8218 32 36
8219 16
8220 16
8221 7 22
8222 3
8223 23
8224 8
8225 37
8226 16
8227 6
8228 5
8229 13 17
8230 21
8231 19
8232 5
8233 19
8234 18
8235 8
8236 3
8237 8
8238 3
8239 13 17
8240 19
8241 6
8242 7
8243 2 9
8244 5 23
8245 7
8246 2 3 16 24
8247 7 24
8248 6
8249 19
8250 8
8251 5
8252 21
8253 14
8254 8 19
8255 4
8256 23
8257 6
8258 19
8259 8 19
8260 22
8261 27
8262 14 28 32
8263 29
8264 14
8265 6
8266 6
8267 6
8268 22 24
8269 26
8270 2
8271 21
8272 15
8273 5
8274 5 36
8275 11
8276 2
8277 37
8278 7 27
8279 16
8280 19
8281 5 13 17
8282 5
8283 24
8284 16
8285 18
8286 21
8287 5
8288 32
8289 16
8290 32
8291 16 24
8292 3 29
8293 7
8294 6
8295 24
8296 8
8297 19
8298 16
8299 8 19
8300 25
8301 5
8302 2 28
8303 8 19
8304 1
8305 19
8306 23
8307 6 24
8308 8
8309 21
8310 8
8311 19
8312 24
8313 24
8314 7
8315 32
8316 2
8317 11
8318 8 19
8319 8 19
8320 3 13 17
8321 7
8322 5
8323 30
8324 5
8325 19
8326 24
8327 10
8328 5
8329 2
8330 28
8331 16
8332 24
8333 30
8334 16
8335 11
8336 25
8337 14
8338 21
8339 22
8340 13 17
8341 5
8342 8
8343 8
8344 19
8345 9
8346 19
8347 28
8348 30
8349 13 17 33
8350 27
8351 13
8352 3
8353 8 24 36
8354 28
8355 5 6 26
8356 15 35
8357 8
8358 26 29
8359 19 30
8360 24
8361 23
8362 5
8363 24
8364 18
8365 6
8366 11 19
8367 20
8368 5
8369 27
8370 4
8371 6
8372 14 33
8373 24
8374 31 32
8375 19
8376 5
8377 6
8378 29
8379 6 30
8380 6 24
8381 5
8382 26
8383 2
8384 23
8385 6
8386 7
8387 18
8388 32
8389 7
8390 19
8391 2
8392 5
8393 21
8394 13 17
8395 8
8396 5
8397 19
8398 6 9
8399 3
8400 24
8401 8
8402 8 13 17
8403 5
8404 1
8405 28
8406 5 26
8407 21
8408 18
8409 7
8410 3 16
8411 23
8412 24
8413 28
8414 3 18
8415 3
8416 1
8417 5
8418 2
8419 18
8420 13
8421 32
8422 3 6 19
8423 18
8424 8 35
8425 6 24
8426 30
8427 21 26
8428 19
8429 24
8430 8
8431 6
8432 37
8433 19 30
8434 23
8435 22
8436 13 17 19
8437 25
8438 5
8439 16
8440 4
8441 38
8442 28
8443 18
8444 19 24
8445 23
8446 30
8447 13 17
8448 8
8449 4 6 13 14 17
8450 2 11
8451 19
8452 33
8453 24
8454 6 9
8455 2
8456 9
8457 6
8458 21
8459 20 31
8460 10 26
8461 3
8462 1 24
8463 30
8464 15
8465 7
8466 30
8467 31
8468 5
8469 31
8470 6
8471 26
8472 26
8473 3
8474 18
8475 7
8476 26
8477 3 6 15 24
8478 28
8479 2
8480 8 23
8481 24
8482 16
8483 37
8484 37
8485 24
8486 10
8487 4 8 22
8488 3 8
8489 19
8490 6
8491 19
8492 25
8493 13 17
8494 6
8495 25
8496 6
8497 19
8498 11
8499 36
8500 23
8501 6
8502 19 36
8503 22
8504 37
8505 3
8506 24
8507 16
8508 7
8509 13 17
8510 4 24
8511 20 22
8512 6
8513 29 32
8514 29
8515 26 29
8516 2 7
8517 5
8518 19 24
8519 3
8520 5
8521 7
8522 30
8523 19
8524 16
8525 4 6
8526 2
8527 8 38
8528 31
8529 11 16
8530 19
8531 3
8532 2 36
8533 24 25
8534 18
8535 8
8536 16
8537 6
8538 24
8539 9
8540 6
8541 2
8542 19
8543 3
8544 8
8545 5
8546 18
8547 15 19 24
8548 32
8549 15
8550 8 19 20
8551 24
8552 23
8553 19
8554 13 17
8555 7 14
8556 10 16
8557 7 22
8558 18
8559 14
8560 21
8561 13 17
8562 16
8563 16 20
8564 13 17
8565 8 16 19
8566 16
8567 7
8568 8
8569 8
8570 8
8571 27
8572 19 33
8573 25
8574 7
8575 8
8576 16 24
8577 16
8578 13 17
8579 6 24
8580 19
8581 6 11
8582 8
8583 10
8584 19
8585 2
8586 16
8587 21
8588 19 24
8589 22
8590 19
8591 23
8592 24
8593 31
8594 24
8595 5
8596 18
8597 16
8598 24
8599 2
8600 29
8601 19
8602 5
8603 8
8604 24 30
8605 8 13 17 19
8606 11
8607 36
8608 9
8609 24
8610 2 3
8611 22
8612 11
8613 19
8614 7
8615 5
8616 11
8617 32
8618 7
8619 8 16
8620 3
8621 11 36
8622 37
8623 15
8624 5
8625 7
8626 23
8627 19
8628 8
8629 20
8630 6
8631 16 24
8632 11 34
8633 20
8634 33
8635 28
8636 7
8637 5
8638 31
8639 3 6
8640 14
8641 8 19
8642 18 24
8643 2
8644 24
8645 19
8646 19
8647 8
8648 16
8649 8
8650 22
8651 4
8652 2 7
8653 3
8654 16 32
8655 8
8656 5 6 7 14
8657 4
8658 19
8659 5
8660 11
8661 7
8662 2
8663 14
8664 24
8665 5
8666 6 19 24
8667 23
8668 3 6
8669 24
8670 22
8671 20
8672 6
8673 10
8674 7
8675 23
8676 13 17
8677 8
8678 5 13 17 27
8679 8 19
8680 7
8681 19
8682 3
8683 2
8684 7
8685 19
8686 6
8687 19
8688 8 19
8689 18 28
8690 19
8691 28
8692 2
8693 8
8694 25
8695 9
8696 30
8697 13
8698 24
8699 3
8700 4 8
8701 19
8702 16
8703 16 24
8704 5 13 17
8705 13
8706 7
8707 14 21
8708 10
8709 16
8710 20
8711 14
8712 21
8713 3
8714 18
8715 19
8716 32
8717 20 21
8718 36
8719 24
8720 29
8721 8 19 32
8722 8 24
8723 8
8724 19
8725 6 13 17 29
8726 5
8727 15 24
8728 2
8729 18
8730 32
8731 19
8732 19 32
8733 19
8734 36
8735 10
8736 12 32
8737 8
8738 33
8739 24
8740 15
8741 2 21
8742 29
8743 14
8744 7
8745 8
8746 21
8747 19
8748 8
8749 7
8750 5 15
8751 6
8752 19
8753 10
8754 7 16 24 33
8755 3
8756 1
8757 15
8758 8 19
8759 9
8760 3 6 8 19
8761 24
8762 9
8763 6
8764 13 17
8765 20
8766 3 6 15
8767 8 19
8768 31
8769 22
8770 4
8771 2
8772 8
8773 21
8774 3
8775 11 16 19
8776 34
8777 7
8778 19
8779 3
8780 6
8781 9
8782 15 24
8783 5
8784 27
8785 23
8786 22
8787 32
8788 32
8789 11 28
8790 6
8791 22
8792 8
8793 13 17
8794 20
8795 7
8796 26 29
8797 23
8798 6
8799 31
8800 6 30
8801 6 11
8802 32
8803 10
8804 9
8805 16
8806 7
8807 6
8808 7
8809 19
8810 16 30
8811 7
8812 2 6 32 36
8813 14
8814 6
8815 22 30
8816 30
8817 5
8818 6
8819 10
8820 13 17
8821 2 32
8822 23
8823 28
8824 16
8825 7 24
8826 16
8827 18
8828 6
8829 26
8830 7
8831 6
8832 31 32
8833 6
8834 21
8835 6
8836 5 15
8837 3
8838 23
8839 24
8840 7
8841 2
8842 7 32
8843 13 17
8844 24
8845 24
8846 5
8847 7
8848 3
8849 5
8850 7
8851 11
8852 6
8853 10
8854 19
8855 7 25
8856 13 17
8857 18 35
8858 32
8859 6
8860 7
8861 19
8862 19
8863 27
8864 24 30
8865 22
8866 3 18
8867 7 33
8868 19
8869 8
8870 38
8871 18
8872 8 19
8873 8
8874 5 24 34
8875 20
8876 7 14 31 32
8877 3 4 6
8878 23
8879 3
8880 7 11
8881 10
8882 23
8883 24
8884 6
8885 23
8886 19
8887 3 5
8888 8 19
8889 11
8890 32
8891 28
8892 6 13 30 36
8893 8
8894 6
8895 2
8896 19
8897 7
8898 10
8899 19
8900 6 24
8901 6
8902 24
8903 4 15 18 19
8904 19
8905 19
8906 16 24
8907 7
8908 18
8909 7 14 18
8910 19
8911 37
8912 6 14
8913 8
8914 3 19
8915 29
8916 24
8917 35
8918 11 13 17
8919 8 19 29
8920 5
8921 5 28
8922 2
8923 19
8924 4
8925 3 8
8926 6
8927 8 19
8928 4
8929 7
8930 14
8931 8
8932 14
8933 19
8934 20
8935 3
8936 10
8937 11 35
8938 13 17
8939 5
8940 19
8941 19
8942 19
8943 5 15
8944 24
8945 8
8946 3 18
8947 13 17
8948 26
8949 36
8950 24
8951 6 13 17
8952 32
8953 13 17
8954 16
8955 3 6
8956 15
8957 20
8958 6
8959 8 28 29
8960 7 14
8961 6
8962 4
8963 5
8964 36
8965 8
8966 3 8 19 32
8967 8 19
8968 3
8969 11
8970 8
8971 5 14
8972 8
8973 10
8974 19
8975 8 19
8976 11 20 22 28 36
8977 7
8978 19
8979 11 13 17 26
8980 18
8981 8
8982 13 17
8983 5
8984 13 17
8985 6
8986 19
8987 3 8 16
8988 6 7
8989 22
8990 6
8991 8
8992 3 5 8 19
8993 11
8994 38
8995 19
8996 13 17
8997 19
8998 29
8999 3 10
9000 19
9001 7 11
9002 9 29
9003 19
9004 19
9005 6
9006 4 5 10
9007 2
9008 21
9009 4
9010 9
9011 2
9012 26
9013 28
9014 32
9015 2
9016 16
9017 3
9018 23
9019 3 6
9020 24 25
9021 8 9
9022 30
9023 6
9024 9
9025 8
9026 11 19
9027 9
9028 7 14
9029 8 24
9030 29
9031 5 6 18 30
9032 3
9033 13 17
9034 10
9035 14
9036 5
9037 5
9038 20
9039 5
9040 19
9041 2
9042 15
9043 5 6
9044 1
9045 19
9046 26
9047 5
9048 8 9 19
9049 7
9050 26
9051 6
9052 30
9053 34
9054 2
9055 6
9056 16 27
9057 3
9058 5
9059 11
9060 18
9061 7
9062 21
9063 18
9064 15
9065 11
9066 9
9067 5
9068 13 17
9069 1
9070 9
9071 14
9072 5
9073 1 8
9074 16 32
9075 24
9076 23
9077 6
9078 8 24
9079 26
9080 8
9081 7 38
9082 5
9083 30
9084 8
9085 19
9086 7
9087 19
9088 24
9089 18 24
9090 5
9091 6
9092 8 10 16 19 29
9093 14
9094 3
9095 3
9096 7
9097 24
9098 5
9099 13 17
9100 23
9101 29
9102 23 24
9103 10
9104 18
9105 5
9106 6
9107 2
9108 15
9109 10
9110 5
9111 20
9112 3
9113 23
9114 19
9115 1 2 7
9116 6
9117 15
9118 19
9119 7
9120 24 30
9121 19
9122 24
9123 29
9124 5
9125 6
9126 5 29 32
9127 22
9128 16
9129 19 25
9130 6 8
9131 3
9132 24
9133 4
9134 6 13 17 33
9135 36
9136 8 19
9137 8 19
9138 8
9139 19 24
9140 18
9141 3
9142 20
9143 11 29
9144 8 19
9145 21
9146 22
9147 26
9148 24
9149 29
9150 5
9151 16
9152 6
9153 13 17
9154 5
9155 29
9156 6 29
9157 6
9158 15
9159 8 19 20
9160 13 17 19 29
9161 6
9162 8
9163 28 32
9164 6
9165 23
9166 5
9167 22
9168 19 24
9169 7
9170 2 6 20 31
9171 5
9172 23
9173 6
9174 6
9175 8
9176 16
9177 7
9178 13 17
9179 10 13 18 19 24 28
9180 5
9181 1 13 17
9182 3
9183 6 13 17 24
9184 8
9185 24
9186 20 32
9187 29
9188 5
9189 19
9190 3 7 21
9191 14
9192 21
9193 5
9194 29
9195 24
9196 6
9197 19
9198 4 5 13 17
9199 6
9200 18
9201 7 24
9202 19
9203 3 15
9204 29
9205 36
9206 24
9207 23
9208 3 8
9209 4
9210 5
9211 18
9212 3 6 7 13 17
9213 29
9214 2 7
9215 24
9216 2
9217 5
9218 5
9219 6
9220 18
9221 5
9222 6 13 15 17
9223 3 7
9224 5
9225 4
9226 30
9227 29
9228 3 8 19
9229 7
9230 13
9231 15
9232 6
9233 4
9234 16
9235 6
9236 9
9237 6
9238 23
9239 8
9240 14 21
9241 6
9242 1
9243 21
9244 7
9245 23
9246 5
9247 8 19
9248 8 22 30 32
9249 23
9250 7 14
9251 7
9252 8
9253 3 7 14
9254 24
9255 29
9256 18 32
9257 29
9258 30
9259 23
9260 16
9261 18
9262 7
9263 6 19 24 32
9264 24
9265 16
9266 5 13 17
9267 7
9268 5 7
9269 8
9270 6
9271 7
9272 16
9273 13 17
9274 18
9275 8 19
9276 6
9277 7 25
9278 5 11
9279 7 8
9280 2 24
9281 6
9282 7
9283 15 18 26
9284 8 19
9285 3 14 29
9286 5 19
9287 5 18
9288 25
9289 15
9290 16
9291 8 25 27
9292 23
9293 13 16 17
9294 6
9295 36
9296 34
9297 1
9298 24 25
9299 8
9300 14
9301 29
9302 15
9303 11
9304 8
9305 3 21
9306 36
9307 24 30
9308 8 19
9309 8
9310 20
9311 18
9312 26
9313 16
9314 5
9315 29
9316 8 19
9317 7
9318 28
9319 21
9320 16 20 23 24
9321 8 24
9322 9
9323 11
9324 10
9325 18
9326 10
9327 7 24
9328 29
9329 8 19
9330 29
9331 7
9332 7
9333 2
9334 6
9335 29
9336 6
9337 19
9338 8
9339 10
9340 20
9341 20
9342 21
9343 11
9344 11 19
9345 8 24
9346 6
9347 23
9348 19
9349 24 30
9350 20
9351 6 13 17 28
9352 36
9353 36
9354 19 31
9355 29
9356 5
9357 16
9358 25
9359 8 19
9360 35
9361 24
9362 24
9363 7
9364 3
9365 7
9366 3
9367 25
9368 36
9369 18
9370 29
9371 28 29
9372 24
9373 6 14 31 32 36
9374 10 36
9375 19 24
9376 36
9377 6 7
9378 19 24 26
9379 19 24
9380 20
9381 31
9382 7
9383 6 11 29
9384 19
9385 5 33
9386 23
9387 13 17
9388 6 11 36
9389 19
9390 8
9391 5
9392 6
9393 6
9394 7
9395 13 17
9396 19
9397 16
9398 19
9399 24
9400 8 19
9401 13 17
9402 3 32
9403 10
9404 19
9405 11
9406 8
9407 19 30
9408 29 32
9409 11
9410 4
9411 8
9412 24
9413 5
9414 6
9415 2 7
9416 19
9417 36
9418 3
9419 29
9420 24
9421 13 18
9422 16
9423 7
9424 29
9425 5
9426 19
9427 3 6
9428 19
9429 5
9430 21
9431 26
9432 26 29
9433 19 26 32
9434 8
9435 10
9436 4 26
9437 32
9438 6
9439 13 17
9440 5
9441 6
9442 9 29
9443 8
9444 3
9445 4 19
9446 7
9447 5 24 28
9448 11
9449 6
9450 22
9451 8 10 23
9452 6
9453 29
9454 8 19 36
9455 8
9456 29
9457 3
9458 7
9459 37
9460 3 29
9461 26
9462 8
9463 2
9464 2
9465 29
9466 18 24
9467 18
9468 7
9469 14
9470 14
9471 4
9472 8 19
9473 19
9474 8 19
9475 2
9476 4
9477 5
9478 13 17
9479 19
9480 29
9481 19
9482 10
9483 6
9484 5
9485 6 8 19
9486 8 19
9487 6
9488 10
9489 3 6 11
9490 19 22 24
9491 6
9492 19 24 32
9493 16
9494 19
9495 5
9496 26
9497 16
9498 18
9499 5
9500 24
9501 5
9502 15
9503 5
9504 19
9505 37
9506 33
9507 8
9508 8 19
9509 21
9510 29 36
9511 1 9
9512 2
9513 15
9514 7 36
9515 14
9516 8
9517 19
9518 10
9519 7
9520 19
9521 23
9522 8
9523 24
9524 7
9525 6 11 26 28 29
9526 11
9527 24
9528 13 17
9529 5 11
9530 10 36
9531 5 11
9532 6 29
9533 6
9534 8 10
9535 3
9536 6
9537 21
9538 5 16 20
9539 8
9540 8 19
9541 19
9542 8
9543 8
9544 7
9545 36
9546 19
9547 29
9548 8 9 26 28 29 33
9549 3 10 18
9550 3 29
9551 8
9552 5 19
9553 16
9554 7
9555 6
9556 30
9557 21
9558 5 21
9559 2
9560 6
9561 8
9562 8
9563 8 19
9564 19
9565 32
9566 19
9567 14
9568 13 17 33
9569 6
9570 19
9571 1 2 28
9572 7 25
9573 7
9574 24 25
9575 19
9576 6 14 21
9577 21
9578 29
9579 5
9580 7
9581 11
9582 8
9583 6
9584 10
9585 2
9586 6
9587 6 8 19
9588 23 24
9589 5
9590 21
9591 19 24
9592 29
9593 7 21
9594 5
9595 2
9596 25
9597 13 17
9598 7
9599 7
9600 6 11
9601 29
9602 5
9603 8 10 19
9604 36
9605 3
9606 27
9607 10 29
9608 19
9609 19
9610 8 19
9611 8
9612 2 8
9613 16
9614 8
9615 8
9616 7 14
9617 1 15
9618 16 30 36
9619 14
9620 8 19
9621 29
9622 19
9623 24
9624 9
9625 28
9626 2
9627 2 3 14
9628 8
9629 7
9630 6
9631 32
9632 19
9633 26 29
9634 19
9635 19
9636 6 11
9637 14
9638 29
9639 37
9640 11 19
9641 7
9642 6
9643 13 17
9644 3
9645 6
9646 28
9647 3 19
9648 18
9649 5 13 17
9650 6
9651 29
9652 21
9653 6
9654 10
9655 10
9656 14
9657 2 15
9658 20
9659 19
9660 18
9661 3
9662 11
9663 36
9664 27
9665 3
9666 19
9667 19
9668 19
9669 5
9670 1 2
9671 21 26
9672 19
9673 5
9674 3 8 11
9675 22
9676 21
9677 6 29 38
9678 5
9679 16
9680 13
9681 24
9682 11
9683 5
9684 2
9685 3 6
9686 2
9687 6 7
9688 11
9689 29
9690 7
9691 25
9692 20
9693 6
9694 2
9695 11 36
9696 3 6
9697 30
9698 2
9699 10
9700 5
9701 8 19
9702 23
9703 6
9704 2
9705 8 19
9706 16
9707 1 5 8 16
9708 8
9709 2 3 16
9710 11 32
9711 19
9712 14
9713 13 17
9714 3
9715 10
9716 38
9717 23
9718 1 18 36
9719 3 6
9720 7
9721 18
9722 18
9723 19
9724 8 19
9725 29
9726 29
9727 1
9728 29
9729 3
9730 8 19 24 30
9731 13
9732 21
9733 6 25 29
9734 8
9735 5
9736 13 17
9737 19
9738 6
9739 8 24
9740 8
9741 19
9742 7
9743 7
9744 6
9745 1 11 16
9746 26
9747 1 19 23 24
9748 32
9749 10
9750 8
9751 37
9752 20 32
9753 8
9754 24
9755 7 19 23 24 25
9756 20
9757 8
9758 19 28
9759 13 17
9760 7
9761 7
9762 10
9763 19
9764 8 19
9765 9
9766 8
9767 14
9768 8 19
9769 24 36
9770 29 36
9771 19
9772 19
9773 6
9774 22
9775 24
9776 8
9777 16
9778 19
9779 12
9780 7
9781 19
9782 3
9783 6
9784 3
9785 5
9786 6
9787 8 19
9788 7 22
9789 19 25
9790 3
9791 19 24
9792 36
9793 5
9794 16
9795 9
9796 16
9797 5
9798 21 36
9799 6
9800 3 23
9801 6 9
9802 8
9803 33
9804 18
9805 1
9806 5
9807 4
9808 5
9809 8
9810 19
9811 11 24
9812 1
9813 3
9814 9 29
9815 19
9816 9
9817 8
9818 16 24
9819 19
9820 6
9821 10
9822 2
9823 3
9824 3 6 8 22 24 25 38
9825 5
9826 8 19
9827 3
9828 24
9829 16
9830 29
9831 11 29
9832 22
9833 3
9834 13 17
9835 6
9836 19
9837 6 7 14
9838 13 14 17
9839 14
9840 8
9841 13 17 31
9842 4 23
9843 14
9844 3 23
9845 2
9846 19
9847 29
9848 8 10
9849 24
9850 10
9851 27 30
9852 5 36
9853 6 14
9854 24
9855 22 24
9856 24
9857 21
9858 24
9859 8
9860 6 28
9861 36
9862 8
9863 21
9864 36
9865 8
9866 13 17 19
9867 30
9868 32
9869 8 19
9870 6 29 31
9871 8
9872 7 14
9873 29
9874 6
9875 7
9876 10
9877 8 11
9878 5
9879 6
9880 6
9881 32
9882 14
9883 8
9884 19
9885 19
9886 16
9887 6 20
9888 8
9889 20
9890 14
9891 4 22
9892 8 16 23 36
9893 13 17
9894 37
9895 19
9896 36
9897 22
9898 19
9899 30
9900 13 17 21
9901 3 6
9902 24
9903 29
9904 32
9905 36
9906 20
9907 6
9908 2
9909 6
9910 2 11
9911 6 18
9912 18 24
9913 19
9914 30
9915 1 36
9916 7
9917 1 10
9918 8 19
9919 19 24
9920 19
9921 3
9922 19
9923 25 34
9924 5 11
9925 6
9926 32
9927 19
9928 5
9929 26
9930 5
9931 3 6
9932 13 17
9933 19
9934 19 20
9935 2 6
9936 8
9937 21
9938 18 22
9939 14 19
9940 27
9941 2
9942 19
9943 9 20
9944 14
9945 6 19 24
9946 3
9947 8 24
9948 20 32
9949 2
9950 19 24
9951 32
9952 8 27
9953 13 17
9954 13
9955 8
9956 5
9957 19
9958 6
9959 6
9960 5
9961 2 7 16
9962 8
9963 21
9964 16 36
9965 8
9966 15 20 26 29 32
9967 8 19
9968 11
9969 5
9970 32
9971 4 6
9972 19
9973 5
9974 8
9975 6
9976 22
9977 8
9978 8
9979 19
9980 10
9981 5
9982 5
9983 8
9984 24
9985 4
9986 19 35 36
9987 19
9988 6 14 16 37
9989 8
9990 14
9991 2
9992 8
9993 34 38
9994 12
9995 28
9996 19
9997 8
9998 6
9999 8
10000 24
10001 8
10002 8 19
10003 19
10004 36
10005 19
10006 3 6
10007 21
10008 20
10009 3 6
10010 15
10011 2
10012 30
10013 6
10014 24
10015 13 17
10016 8 19
10017 13 17
10018 8
10019 8
10020 8 16
10021 3 6
10022 35
10023 2
10024 28
10025 24
10026 7
10027 6
10028 2
10029 19
10030 19
10031 9
10032 14
10033 26 36
10034 32
10035 2
10036 8 19
10037 16 20
10038 8
10039 13 17 36
10040 11
10041 8
10042 37
10043 6
10044 29
10045 18
10046 3 28 29
10047 14
10048 5
10049 19
10050 13 17
10051 7
10052 7 28
10053 2
10054 23
10055 32
10056 6 14 18 19
10057 9
10058 19
10059 6 8 14
10060 7
10061 5 36
10062 24
10063 15
10064 3
10065 29
10066 7
10067 8
10068 10 19
10069 3
10070 13 17
10071 6
10072 27
10073 6
10074 24
10075 24
10076 30
10077 8 16 19 20
10078 14
10079 6 20
10080 23 24
10081 32
10082 10
10083 5
10084 24
10085 31
10086 8 19
10087 18 32
10088 5
10089 32 37
10090 9
10091 36
10092 8
10093 10
10094 6
10095 29
10096 3
10097 35
10098 5
10099 24 30
10100 25
10101 7
10102 8 24
10103 15
10104 20
10105 22
10106 32
10107 19
10108 19
10109 32
10110 3 5 6 29 32 37
10111 8 16 24
10112 21
10113 8
10114 22
10115 3
10116 8
10117 5
10118 24
10119 19
10120 8 19
10121 2
10122 7
10123 19
10124 19
10125 30
10126 2 4 5 19 24 28
10127 3
10128 6
10129 2
10130 19 25
10131 4
10132 13 17
10133 8
10134 12
10135 14
10136 19
10137 6
10138 16
10139 14
10140 7
10141 5
10142 19
10143 1
10144 16 23
10145 23 29
10146 10
10147 23
10148 6
10149 32
10150 16 21
10151 5
10152 8
10153 23
10154 3 8 13 17 35
10155 5
10156 14
10157 9
10158 22
10159 6
10160 7
10161 19
10162 22 23 32
10163 3
10164 3
10165 5 6 29 32
10166 3
10167 11 25
10168 5
10169 8
10170 6
10171 7 14
10172 32 36
10173 8
10174 24
10175 5 8 11
10176 21
10177 3 6 21
10178 25 34
10179 19
10180 5
10181 3
10182 3
10183 24
10184 21
10185 5
10186 8
10187 2
10188 7 8
10189 7
10190 8 19 32
10191 6
10192 8 19
10193 6
10194 24
10195 20 29
10196 7
10197 23
10198 16
10199 4 5 32
10200 8 19
10201 10 19
10202 13 17
10203 24
10204 16
10205 29
10206 9
10207 21
10208 6
10209 8 18
10210 7
10211 6
10212 16
10213 19
10214 8
10215 6
10216 6
10217 8 24
10218 7
10219 36
10220 3 20
10221 2 13 17
10222 24
10223 6
10224 6 13 17
10225 20 32
10226 5
10227 19
10228 5 24
10229 4
10230 8
10231 21
10232 24
10233 26
10234 26
10235 9
10236 7
10237 6 8 16
10238 7
10239 21
10240 24
10241 7
10242 2
10243 3
10244 5
10245 8 19
10246 18
10247 36
10248 28
10249 3
10250 2
10251 14
10252 3 15
10253 24
10254 19
10255 24
10256 19
10257 19
10258 24
10259 2
10260 6 19
10261 3
10262 6 7 14
10263 8
10264 36
10265 8
10266 21
10267 8 19
10268 13 17 18
10269 18
10270 8 19
10271 22
10272 25
10273 6
10274 29
10275 7
10276 2 8
10277 24
10278 7 22
10279 8 14 19
10280 14
10281 36
10282 4
10283 6
10284 11
10285 10
10286 2 32
10287 8
10288 19
10289 3 5
10290 4
10291 2 10
10292 16
10293 2
10294 2
10295 8 23
10296 25
10297 6
10298 24
10299 29
10300 5
10301 20
10302 32
10303 5
10304 19
10305 8
10306 10 19
10307 24
10308 29
10309 8
10310 29
10311 22 37
10312 16
