0 1
1 1
2 1
3 1 2
4 1
5 1
6 2
7 1
8 1
9 1
10 2
11 1
12 2
13 2
14 1
15 1
16 2
17 2
18 1
19 1
20 1
21 1
22 1
23 1
24 1
25 1
26 2
27 2
28 1 2
29 2
30 1 2
31 1
32 1
33 1
34 2
35 2
36 2
37 1
38 2
39 1
40 1
41 2
42 1 2
43 2
44 2
45 1
46 1
47 2
48 1
49 2
50 2
51 1
52 1
53 2
54 2
55 1
56 2
57 2
58 2
59 2
60 1
61 1 2
62 2
63 2
64 1
65 2
66 1
67 2
68 1 2
69 2
70 1
71 1
72 1
73 1
74 1
75 1 2
76 1
77 1
78 1 2
79 2
80 1
81 1
82 1 2
83 2
84 1
85 2
86 2
87 1 2
88 2
89 1
90 1
91 2
92 2
93 1
94 2
95 1
96 1 2
97 1
98 1
99 2
100 1
101 2
102 2
103 1
104 2
105 1
106 1
107 1
108 2
109 2
110 1 2
111 1
112 2
113 1
114 1
115 1
116 1
117 1 2
118 1
119 1
120 1
121 2
122 1
123 2
124 2
125 2
126 2
127 1
128 1
129 1
130 2
131 2
132 1
133 1
134 1
135 1
136 2
137 1
138 1
139 1
140 1
141 1
142 1
143 2
144 2
145 1
146 1
147 1
148 1
149 1
150 2
151 1
152 1
153 2
154 1
155 1
156 1
157 2
158 2
159 2
160 1
161 1
162 1
163 1
164 1
165 2
166 1
167 1
168 1
169 1
170 1
171 1
172 2
173 1
174 2
175 1
176 1
177 1 2
178 1
179 2
180 2
181 1
182 1
183 2
184 1
185 2
186 2
187 1
188 1
189 1
190 1
191 1
192 1
193 1
194 2
195 2
196 1
197 1
198 1
199 2
200 1
201 1
202 1
203 1
204 1
205 2
206 2
207 2
208 1
209 1
210 1
211 1
212 2
213 1
214 1 2
215 2
216 1
217 2
218 1
219 1
220 1
221 1
222 1
223 2
224 2
225 1
226 2
227 2
228 1
229 2
230 2
231 2
232 2
233 1
234 2
235 1
236 2
237 1
238 1
239 2
240 1
241 1
242 1
243 1
244 2
245 2
246 1
247 2
248 1
249 2
250 1
251 1 2
252 1
253 1
254 2
255 1
256 1
257 2
258 1
259 1
260 1
261 1
262 2
263 1
264 1
265 1
266 2
267 1
268 1
269 1
270 1
271 1
272 1
273 1
274 1
275 2
276 1
277 1
278 1
279 1
280 1
281 1
282 2
283 1
284 1
285 1
286 1
287 1
288 2
289 2
290 1
291 2
292 1
293 1
294 1
295 1
296 1
297 1
298 2
299 2
300 1
301 1 2
302 1
303 1
304 1 2
305 2
306 1
307 1
308 1
309 1
310 1
311 2
312 1 2
313 1 2
314 1
315 1
316 2
317 1 2
318 2
319 1
320 1
321 1
322 1
323 1
324 2
325 1
326 1
327 2
328 1
329 2
330 2
331 1
332 1
333 1
334 1
335 1
336 2
337 2
338 2
339 1
340 2
341 2
342 2
343 2
344 2
345 1 2
346 2
347 1
348 2
349 2
350 2
351 1
352 1
353 2
354 1
355 2
356 2
357 1
358 2
359 2
360 1
361 1
362 1 2
363 1
364 2
365 1
366 1
367 1
368 2
369 1
370 2
371 1
372 1
373 1
374 1
375 2
376 1
377 1
378 1
379 1
380 1
381 1
382 1
383 1
384 1
385 1 2
386 1
387 2
388 2
389 2
390 1
391 1
392 1
393 1
394 1
395 1
396 1
397 2
398 1 2
399 2
400 2
401 2
402 1
403 2
404 2
405 2
406 1
407 2
408 2
409 1
410 2
411 1
412 1
413 1
414 1
415 2
416 1
417 1
418 2
419 2
420 1
421 2
422 2
423 1
424 2
425 1
426 2
427 1
428 2
429 2
430 1
431 1
432 1
433 2
434 2
435 1
436 2
437 1
438 1
439 2
440 2
441 1 2
442 2
443 2
444 2
445 2
446 2
447 1
448 2
449 1
450 2
451 2
452 2
453 1
454 2
455 1
456 2
457 2
458 1
459 2
460 1
461 1
462 1 2
463 2
464 2
465 2
466 1
467 1 2
468 2
469 1
470 1
471 1
472 1
473 1
474 1
475 1
476 1
477 2
478 2
479 2
480 1
481 1
482 2
483 1
484 2
485 2
486 2
487 2
488 2
489 2
490 2
491 1
492 1 2
493 2
494 2
495 1
496 1
497 2
498 2
499 1
500 1
501 1
502 2
503 1
504 1 2
505 1
506 1
507 2
508 2
509 1
510 2
511 1
512 2
513 2
514 1
515 1
516 1
517 2
518 2
519 1
520 1
521 2
522 1
523 1
524 1
525 2
526 2
527 1 2
528 1
529 1
530 1
531 1
532 1
533 1
534 2
535 2
536 2
537 1
538 2
539 1
540 1
541 1
542 2
543 2
544 2
545 2
546 1
547 1
548 1
549 2
550 2
551 2
552 2
553 2
554 1 2
555 1 2
556 1
557 2
558 1 2
559 2
560 1
561 1 2
562 2
563 1
564 1
565 2
566 1
567 1
568 1
569 1
570 1
571 1
572 2
573 1
574 1
575 1 2
576 2
577 1
578 1
579 2
580 2
581 2
582 2
583 2
584 1
585 1
586 2
587 1
588 2
589 1
590 2
591 1
592 1
593 2
594 1
595 1
596 1
597 1
598 1 2
599 1
600 1
601 2
602 1
603 1
604 2
605 1
606 2
607 1
608 1 2
609 2
610 2
611 2
612 1
613 1
614 2
615 2
616 2
617 2
618 1
619 2
620 1
621 2
622 2
623 1
624 1
625 1
626 1
627 1
628 2
629 2
630 1
631 2
632 1
633 1
634 1
635 2
636 1
637 1
638 1
639 1
640 2
641 2
642 2
643 2
644 2
645 2
646 2
647 1
648 1
649 2
650 1
651 2
652 1
653 1
654 2
655 1
656 1
657 2
658 2
659 1
660 1
661 1 2
662 1
663 1
664 1
665 1
666 2
667 2
668 1
669 1
670 1
671 2
672 2
673 2
674 1
675 1
676 1
677 1
678 2
679 2
680 2
681 1
682 2
683 1
684 1
685 1
686 1
687 1
688 1
689 1
690 2
691 1
692 1
693 2
694 1
695 1
696 2
697 2
698 2
699 1
700 2
701 1
702 1
703 2
704 1
705 1
706 2
707 2
708 1
709 1
710 2
711 2
712 1
713 2
714 1
715 2
716 1
717 1
718 1
719 2
720 2
721 1
722 1 2
723 2
724 1
725 1
726 2
727 1 2
728 1
729 2
730 1
731 1
732 2
733 1
734 2
735 2
736 2
737 1
738 1
739 2
740 1
741 1
742 1
743 2
744 1
745 1
746 1
747 2
748 1
749 1
750 2
751 1
752 1
753 2
754 1
755 1
756 1
757 1
758 1
759 2
760 1
761 2
762 1
763 1
764 2
765 2
766 1
767 2
768 1
769 1
770 1
771 1
772 2
773 1
774 2
775 1
776 1 2
777 1
778 1
779 2
780 2
781 1
782 1
783 2
784 2
785 2
786 1
787 2
788 2
789 1
790 2
791 1 2
792 1
793 2
794 1
795 2
796 1
797 1
798 1
799 1
800 2
801 1 2
802 2
803 1
804 2
805 1
806 2
807 1
808 2
809 2
810 1
811 1
812 2
813 1
814 1
815 1
816 1
817 2
818 2
819 2
820 1
821 1
822 1
823 1
824 1
825 1
826 1
827 2
828 2
829 2
830 2
831 1
832 2
833 1
834 1
835 2
836 1
837 1
838 1
839 1
840 1
841 1
842 2
843 1
844 1
845 1
846 2
847 2
848 1
849 1
850 2
851 1
852 2
853 1 2
854 2
855 2
856 2
857 2
858 1
859 2
860 2
861 2
862 2
863 1
864 1
865 2
866 2
867 1
868 1
869 1
870 1
871 2
872 2
873 1
874 1
875 1
876 1
877 1
878 1
879 1
880 2
881 2
882 2
883 2
884 2
885 1
886 1
887 2
888 2
889 2
890 2
891 1
892 1
893 1
894 1
895 2
896 1 2
897 2
898 1
899 2
900 2
901 1
902 1
903 1
904 2
905 2
906 2
907 2
908 2
909 1
910 1
911 1
912 1
913 1
914 1
915 1
916 1
917 1
918 1
919 2
920 1
921 1
922 1
923 1
924 1
925 1 2
926 1 2
927 1 2
928 2
929 2
930 2
931 1
932 2
933 2
934 1
935 1
936 2
937 2
938 2
939 2
940 1
941 1
942 1
943 2
944 1
945 1
946 2
947 1
948 1 2
949 2
950 1
951 2
952 2
953 2
954 2
955 1
956 1
957 1
958 2
959 1
960 1
961 1
962 2
963 1
964 1
965 2
966 1
967 2
968 1
969 2
970 1 2
971 1
972 2
973 2
974 1
975 2
976 2
977 2
978 2
979 1 2
980 1
981 1
982 1
983 2
984 2
985 1
986 1
987 2
988 2
989 1
990 1
991 2
992 2
993 1 2
994 2
995 2
996 1
997 1
998 2
999 1
1000 2
1001 2
1002 2
1003 2
1004 2
1005 2
1006 2
1007 2
1008 1
1009 1
1010 1
1011 2
1012 2
1013 1
1014 1
1015 2
1016 2
1017 2
1018 1
1019 1
1020 1
1021 2
1022 1
1023 1
1024 2
1025 2
1026 2
1027 2
1028 2
1029 2
1030 2
1031 2
1032 2
1033 1
1034 1
1035 1
1036 1
1037 1
1038 2
1039 1
1040 1
1041 2
1042 2
1043 2
1044 2
1045 1
1046 2
1047 2
1048 2
1049 1
1050 2
1051 1
1052 2
1053 2
1054 2
1055 1
1056 1
1057 1
1058 2
1059 2
1060 1
1061 2
1062 1
1063 1
1064 2
1065 1
1066 2
1067 1
1068 1
1069 1 2
1070 2
1071 2
1072 1
1073 2
1074 1
1075 1
1076 2
1077 2
1078 2
1079 1
1080 1
1081 2
1082 1
1083 1
1084 1
1085 1
1086 2
1087 2
1088 1
1089 2
1090 1
1091 1
1092 1
1093 2
1094 1 2
1095 2
1096 2
1097 2
1098 1
1099 2
1100 2
1101 1
1102 1
1103 2
1104 2
1105 1
1106 2
1107 2
1108 2
1109 1
1110 2
1111 2
1112 2
1113 1
1114 1
1115 1
1116 2
1117 2
1118 2
1119 1
1120 1
1121 2
1122 1
1123 1
1124 2
1125 1
1126 1
1127 1
1128 2
1129 1
1130 1
1131 2
1132 2
1133 1
1134 1
1135 1
1136 1
1137 1
1138 2
1139 1
1140 1
1141 1
1142 1
1143 1 2
1144 1
1145 1
1146 1
1147 2
1148 1
1149 1
1150 2
1151 1
1152 1
1153 1
1154 1
1155 1
1156 1
1157 1
1158 1
1159 1
1160 1
1161 1
1162 1
1163 1
1164 1
1165 1
1166 1
1167 2
1168 1
1169 2
1170 1
1171 1
1172 1
1173 2
1174 1
1175 1 2
1176 1
1177 1
1178 2
1179 2
1180 2
1181 2
1182 1
1183 1
1184 1
1185 1
1186 2
1187 1
1188 1
1189 2
1190 2
1191 1
1192 1
1193 2
1194 2
1195 1
1196 2
1197 2
1198 1
1199 1
1200 2
1201 2
1202 2
1203 1
1204 1
1205 1
1206 1
1207 1
1208 1
1209 2
1210 2
1211 2
1212 1 2
1213 1
1214 1
1215 1
1216 1 2
1217 2
1218 1
1219 1
1220 1 2
1221 1
1222 2
1223 1
1224 1
1225 1
1226 1
1227 2
1228 2
1229 1
1230 1
1231 1
1232 2
1233 1
1234 1
1235 1
1236 2
1237 1 2
1238 1
1239 1
1240 2
1241 2
1242 2
1243 2
1244 2
1245 1
1246 1
1247 1
1248 2
1249 1
1250 1 2
1251 1
1252 2
1253 1
1254 1
1255 1
1256 1
1257 1
1258 1
1259 1
1260 1
1261 2
1262 2
1263 1
1264 1
1265 1 2
1266 1
1267 1
1268 1
1269 2
1270 1
1271 1
1272 1
1273 1
1274 1
1275 1
1276 1
1277 1
1278 1 2
1279 2
1280 1
1281 1
1282 1
1283 2
1284 1
1285 2
1286 1
1287 1
1288 2
1289 2
1290 2
1291 1
1292 1
1293 2
1294 2
1295 1
1296 1
1297 1
1298 1
1299 1
1300 1
1301 1
1302 2
1303 2
1304 2
1305 2
1306 1
1307 1
1308 2
1309 2
1310 2
1311 1
1312 1
1313 1
1314 1
1315 2
1316 1
1317 1 2
1318 1
1319 2
1320 1
1321 1
1322 1
1323 1
1324 1 2
1325 1
1326 2
1327 1
1328 1
1329 1
1330 1
1331 1
1332 1
1333 1
1334 1
1335 2
1336 1
1337 1
1338 1
1339 1
1340 1
1341 1
1342 1
1343 1
1344 1
1345 1
1346 1
1347 2
1348 1
1349 2
1350 2
1351 2
1352 1
1353 1
1354 1
1355 1
1356 2
1357 2
1358 2
1359 1
1360 1
1361 1
1362 1
1363 2
1364 2
1365 1
1366 1
1367 1
1368 2
1369 1
1370 1
1371 1 2
1372 2
1373 1
1374 1
1375 2
1376 1
1377 2
1378 2
1379 1
1380 1
1381 1 2
1382 1
1383 1
1384 1
1385 1
1386 1
1387 2
1388 1
1389 2
1390 2
1391 1
1392 1
1393 1
1394 1
1395 1
1396 2
1397 1
1398 1
1399 1
1400 1
1401 1
1402 1
1403 1
1404 2
1405 1
1406 2
1407 2
1408 1
1409 1
1410 1
1411 2
1412 1
1413 1
1414 1
1415 2
1416 2
1417 1
1418 1
1419 1
1420 2
1421 1
1422 2
1423 1
1424 2
1425 2
1426 2
1427 1
1428 2
1429 1
1430 1
1431 1
1432 2
1433 2
1434 2
1435 2
1436 2
1437 1
1438 1
1439 2
1440 1
1441 2
1442 2
1443 2
1444 1
1445 1
1446 2
1447 2
1448 2
1449 2
1450 1
1451 1
1452 1
1453 2
1454 2
1455 2
1456 2
1457 1
1458 1
1459 2
1460 2
1461 2
1462 2
1463 2
1464 1
1465 2
1466 1
1467 1
1468 1
1469 1
1470 2
1471 2
1472 1
1473 1
1474 2
1475 1
1476 2
1477 1
1478 1
1479 2
1480 2
1481 2
1482 1 2
1483 1
1484 1
1485 1
1486 2
1487 2
1488 2
1489 2
1490 1
1491 2
1492 1
1493 2
1494 2
1495 2
1496 1 2
1497 1
1498 1
1499 1
1500 2
1501 1
1502 2
1503 2
1504 1
1505 1
1506 1
1507 1
1508 1
1509 1
1510 1
1511 1
1512 2
1513 2
1514 1
1515 1 2
1516 1
1517 1
1518 2
1519 1
1520 1
1521 2
1522 1 2
1523 2
1524 2
1525 2
1526 2
1527 1
1528 1
1529 1
1530 2
1531 1
1532 2
1533 1
1534 1
1535 1
1536 1
1537 1
1538 1
1539 2
1540 1
1541 2
1542 1
1543 1 2
1544 2
1545 2
1546 1
1547 1
1548 1 2
1549 2
1550 1
1551 1
1552 2
1553 1
1554 2
1555 1
1556 2
1557 1
1558 1
1559 1
1560 2
1561 2
1562 1
1563 1
1564 1
1565 1
1566 1
1567 1
1568 1
1569 1
1570 2
1571 1
1572 1
1573 2
1574 1
1575 1
1576 1
1577 1
1578 1
1579 1
1580 1
1581 1
1582 1
1583 2
1584 2
1585 1
1586 1
1587 1
1588 1
1589 1
1590 1
1591 1
1592 2
1593 1
1594 1
1595 1
1596 1
1597 1
1598 1
1599 1
1600 2
1601 2
1602 2
1603 1
1604 2
1605 1
1606 1
1607 2
1608 1
1609 1
1610 1
1611 1
1612 1 2
1613 1
1614 1 2
1615 1
1616 2
1617 1
1618 1 2
1619 1
1620 1
1621 1
1622 1
1623 2
1624 2
1625 2
1626 2
1627 1
1628 2
1629 1
1630 1
1631 1
1632 1
1633 2
1634 1
1635 2
1636 2
1637 1
1638 1
1639 2
1640 1
1641 2
1642 1
1643 1
1644 1
1645 2
1646 2
1647 1
1648 1
1649 1
1650 1
1651 1
1652 1
1653 1
1654 1
1655 2
1656 2
1657 2
1658 1
1659 1
1660 2
1661 2
1662 2
1663 1
1664 1
1665 1
1666 2
1667 1
1668 1 2
1669 1
1670 1
1671 1
1672 1
1673 1
1674 2
1675 2
1676 2
1677 2
1678 2
1679 1
1680 2
1681 2
1682 1
1683 1
1684 1
1685 1
1686 2
1687 1
1688 1
1689 2
1690 2
1691 1
1692 1
1693 2
1694 1
1695 1
1696 1
1697 2
1698 2
1699 2
1700 2
1701 1
1702 1
1703 1
1704 2
1705 2
1706 1
1707 1
1708 1
1709 2
1710 2
1711 2
1712 1
1713 1
1714 2
1715 1
1716 2
1717 2
1718 1
1719 2
1720 1
1721 1
1722 2
1723 1
1724 2
1725 1
1726 1
1727 1
1728 1
1729 2
1730 1
1731 2
1732 1
1733 1
1734 1
1735 1
1736 1
1737 1
1738 1
1739 1
1740 1
1741 1
1742 1
1743 2
1744 1
1745 2
1746 1
1747 1
1748 1
1749 1
1750 2
1751 1
1752 1
1753 1
1754 2
1755 1 2
1756 1 2
1757 2
1758 1
1759 1
1760 1
1761 1
1762 1
1763 2
1764 1
1765 2
1766 1
1767 1
1768 2
1769 1
1770 1
1771 2
1772 1
1773 1
1774 1
1775 1
1776 1
1777 1
1778 2
1779 2
1780 1
1781 2
1782 1
1783 2
1784 1
1785 1
1786 1
1787 1
1788 2
1789 2
1790 1
1791 2
1792 1
1793 1
1794 1
1795 2
1796 2
1797 2
1798 2
1799 2
1800 2
1801 2
1802 2
1803 1
1804 2
1805 1
1806 2
1807 2
1808 1
1809 1
1810 2
1811 1
1812 1
1813 1
1814 1
1815 1
1816 2
1817 2
1818 1
1819 1
1820 2
1821 2
1822 2
1823 2
1824 2
1825 2
1826 2
1827 2
1828 2
1829 2
1830 2
1831 1 2
1832 2
1833 2
1834 2
1835 1
1836 2
1837 2
1838 1
1839 2
1840 2
1841 2
1842 2
1843 2
1844 2
1845 2
1846 2
1847 1
1848 1
1849 1
1850 1
1851 1
1852 1
1853 1
1854 2
1855 1 2
1856 1 2
1857 1
1858 2
1859 2
1860 2
1861 1
1862 1
1863 1
1864 1
1865 2
1866 1
1867 2
1868 2
1869 2
1870 2
1871 1 2
1872 1
1873 2
1874 2
1875 1
1876 1
1877 2
1878 1
1879 2
1880 2
1881 2
1882 1
1883 1
1884 1
1885 2
1886 2
1887 2
1888 2
1889 2
1890 1
1891 1
1892 1
1893 1
1894 1
1895 2
1896 2
1897 1
1898 1
1899 2
1900 2
1901 2
1902 2
1903 1
1904 2
1905 2
1906 2
1907 1
1908 2
1909 1
1910 1
1911 1
1912 1
1913 1
1914 1
1915 2
1916 2
1917 1
1918 1
1919 1
1920 1
1921 1
1922 2
1923 2
1924 2
1925 2
1926 2
1927 2
1928 1
1929 2
1930 2
1931 2
1932 1 2
1933 1
1934 1
1935 2
1936 2
1937 2
1938 2
1939 2
1940 2
1941 1
1942 1
1943 2
1944 2
1945 2
1946 2
1947 2
1948 1 2
1949 1
1950 1
1951 1
1952 2
1953 2
1954 2
1955 1
1956 1
1957 2
1958 1
1959 1
1960 2
1961 2
1962 1
1963 2
1964 1
1965 1
1966 1
1967 1
1968 1
1969 1
1970 1
1971 1
1972 2
1973 1
1974 1
1975 1
1976 2
1977 1
1978 1
1979 2
1980 2
1981 1
1982 2
1983 2
1984 2
1985 2
1986 2
1987 2
1988 2
1989 1
1990 2
1991 2
1992 2
1993 1
1994 2
1995 2
1996 2
1997 2
1998 1
1999 1
2000 1
2001 1
2002 1
2003 2
2004 2
2005 1
2006 2
2007 2
2008 1
2009 1
2010 2
2011 2
2012 2
2013 2
2014 2
2015 2
2016 2
2017 2
2018 2
2019 2
2020 2
2021 2
2022 2
2023 2
2024 2
2025 1 2
2026 1
2027 1
2028 2
2029 2
2030 2
2031 2
2032 2
2033 1
2034 1
2035 1
2036 1
2037 2
2038 2
2039 2
2040 2
2041 1
2042 2
2043 2
2044 1
2045 1
2046 2
2047 2
2048 2
2049 2
2050 2
2051 2
2052 2
2053 2
2054 2
2055 1
2056 2
2057 2
2058 2
2059 2
2060 2
2061 2
2062 2
2063 2
2064 1
2065 1
2066 2
2067 2
2068 2
2069 2
2070 2
2071 2
2072 2
2073 2
2074 2
2075 1
2076 2
2077 1
2078 2
2079 2
2080 2
2081 2
2082 2
2083 2
2084 2
2085 2
2086 2
2087 2
2088 2
2089 2
2090 2
2091 2
2092 1
2093 2
2094 1
2095 1
2096 1
2097 2
2098 2
2099 1
2100 1
2101 1 2
2102 2
2103 2
2104 2
2105 2
2106 2
2107 1
2108 1
2109 1
2110 2
2111 2
2112 2
2113 2
2114 2
2115 2
2116 2
2117 1
2118 2
2119 1
2120 2
2121 1
2122 2
2123 2
2124 1
2125 2
2126 2
2127 2
2128 2
2129 1 2
2130 2
2131 2
2132 2
2133 2
2134 2
2135 2
2136 2
2137 2
2138 2
2139 2
2140 1
2141 2
2142 2
2143 2
2144 2
2145 2
2146 2
2147 2
2148 2
2149 2
2150 1
2151 1
2152 2
2153 1
2154 2
2155 2
2156 2
2157 2
2158 2
2159 2
2160 2
2161 2
2162 2
2163 1
2164 2
2165 2
2166 1
2167 1
2168 1
2169 2
2170 2
2171 2
2172 2
2173 2
2174 2
2175 2
2176 2
2177 2
2178 2
2179 2
2180 2
2181 2
2182 1
2183 1
2184 2
2185 2
2186 2
2187 2
2188 1 2
2189 2
2190 2
2191 1
2192 1
2193 1
2194 1
2195 2
2196 2
2197 2
2198 2
2199 1
2200 2
2201 1
2202 2
2203 2
2204 1
2205 1
2206 1
2207 1
2208 1
2209 2
2210 2
2211 1
2212 1
2213 1
2214 2
2215 2
2216 2
2217 2
2218 2
2219 2
2220 2
2221 2
2222 2
2223 2
2224 2
2225 2
2226 2
2227 2
2228 2
2229 2
2230 2
2231 2
2232 2
2233 1
2234 2
2235 2
2236 2
2237 1
2238 1
2239 2
2240 1
2241 1
2242 1
2243 2
2244 2
2245 2
2246 2
2247 2
2248 1
2249 1
2250 1
2251 2
2252 2
2253 2
2254 1
2255 1
2256 2
2257 1
2258 1
2259 2
2260 2
2261 2
2262 2
2263 1
2264 2
2265 2
2266 1
2267 1
2268 1
2269 1
2270 2
2271 1
2272 1
2273 1
2274 2
2275 2
2276 2
2277 2
2278 1
2279 2
2280 2
2281 2
2282 2
2283 2
2284 1
2285 2
2286 2
2287 2
2288 2
2289 1
2290 2
2291 2
2292 1
2293 1
2294 1
2295 1
2296 2
2297 1
2298 1
2299 1
2300 1
2301 2
2302 2
2303 2
2304 2
2305 1
2306 1
2307 2
2308 1
2309 2
2310 1
2311 2
2312 2
2313 2
2314 2
2315 2
2316 2
2317 2
2318 2
2319 2
2320 2
2321 2
2322 1
2323 2
2324 2
2325 2
2326 2
2327 2
2328 2
2329 2
2330 1 2
2331 2
2332 2
2333 2
2334 2
2335 2
2336 2
2337 2
2338 2
2339 2
2340 1
2341 2
2342 2
2343 1
2344 1
2345 1
2346 2
2347 2
2348 1
2349 2
2350 2
2351 2
2352 2
2353 2
2354 1
2355 2
2356 2
2357 2
2358 1 2
2359 2
2360 2
2361 2
2362 2
2363 2
2364 1
2365 2
2366 2
2367 2
2368 2
2369 2
2370 2
2371 2
2372 2
2373 1
2374 2
2375 2
2376 2
2377 2
2378 1
2379 2
2380 2
2381 2
2382 2
2383 1
2384 2
2385 2
2386 2
2387 1
2388 1
2389 1 2
2390 2
2391 2
2392 2
2393 1
2394 1
2395 2
2396 2
2397 2
2398 2
2399 2
2400 2
2401 2
2402 1
2403 2
2404 2
2405 1
2406 2
2407 2
2408 1
2409 1
2410 2
2411 2
2412 1
2413 2
2414 2
2415 2
2416 1
2417 1
2418 1
2419 2
2420 1
2421 2
2422 2
2423 2
2424 2
2425 1
2426 1
2427 2
2428 2
2429 2
2430 2
2431 2
2432 1
2433 2
2434 2
2435 2
2436 2
2437 1
2438 2
2439 1
2440 2
2441 2
2442 2
2443 2
2444 1
2445 2
2446 1
2447 1
2448 2
2449 1
2450 2
2451 2
2452 2
2453 2
2454 2
2455 2
2456 2
2457 2
2458 2
2459 2
2460 2
2461 1
2462 2
2463 2
2464 1
2465 2
2466 2
2467 2
2468 1
2469 1
2470 2
2471 2
2472 2
2473 2
2474 1
2475 2
2476 1
2477 2
2478 2
2479 1
2480 2
2481 1
2482 1
2483 2
2484 2
2485 2
2486 2
2487 2
2488 2
2489 1
2490 1
2491 2
2492 2
2493 2
2494 2
2495 2
2496 2
2497 1
2498 2
2499 2
2500 2
2501 2
2502 2
2503 2
2504 2
2505 1
2506 2
2507 2
2508 2
2509 1 2
2510 2
2511 1
2512 1
2513 2
2514 1
2515 2
2516 1
2517 2
2518 1
2519 2
2520 1
2521 2
2522 2
2523 1
2524 1
2525 1
2526 1
2527 1
2528 2
2529 2
2530 1
2531 2
2532 2
2533 2
2534 2
2535 2
2536 2
2537 2
2538 1
2539 1
2540 2
2541 2
2542 1
2543 2
2544 2
2545 1
2546 2
2547 1
2548 2
2549 2
2550 2
2551 1
2552 2
2553 2
2554 1
2555 1
2556 2
2557 1
2558 2
2559 2
2560 2
2561 2
2562 1
2563 2
2564 2
2565 1
2566 2
2567 2
2568 2
2569 2
2570 2
2571 2
2572 2
2573 2
2574 2
2575 1
2576 2
2577 2
2578 2
2579 1
2580 1
2581 1
2582 2
2583 1
2584 2
2585 2
2586 1
2587 1
2588 1
2589 2
2590 1 2
2591 2
2592 2
2593 2
2594 1 2
2595 2
2596 2
2597 1
2598 2
2599 2
2600 2
2601 1
2602 1
2603 2
2604 2
2605 1
2606 2
2607 2
2608 1
2609 1
2610 1
2611 1
2612 1
2613 1
2614 1
2615 1
2616 2
2617 1
2618 1
2619 1
2620 2
2621 1
2622 1
2623 1
2624 2
2625 2
2626 2
2627 2
2628 1
2629 1
2630 1
2631 1
2632 2
2633 2
2634 2
2635 2
2636 2
2637 1
2638 1
2639 2
2640 2
2641 1
2642 1
2643 2
2644 2
2645 1
2646 2
2647 1
2648 2
2649 2
2650 1
2651 1
2652 1
2653 2
2654 2
2655 1
2656 1
2657 1
2658 1
2659 2
2660 2
2661 2
2662 2
2663 2
2664 2
2665 1
2666 1
2667 1
2668 1
2669 1
2670 1
2671 1
2672 2
2673 1
2674 2
2675 2
2676 2
2677 1
2678 1
2679 1
2680 1
2681 1
2682 1
2683 1
2684 1
2685 1
2686 1
2687 1
2688 1
2689 1
2690 1 2
2691 2
2692 1
2693 1
2694 1
2695 2
2696 1
2697 2
2698 2
2699 1
2700 1
2701 1
2702 1
2703 1
2704 1
2705 1
2706 2
2707 1
2708 1
2709 1
2710 1
2711 1
2712 1
2713 1
2714 1
2715 1
2716 2
2717 1
2718 2
2719 1
2720 1
2721 1
2722 1
2723 1
2724 1
2725 1
2726 1
2727 1
2728 1
2729 1
2730 1
2731 1
2732 1
2733 1
2734 1
2735 1
2736 1
2737 1
2738 2
2739 1
2740 1
2741 2
2742 2
2743 1
2744 1
2745 1
2746 2
2747 1
2748 1
2749 2
2750 2
2751 1
2752 1
2753 1
2754 1
2755 2
2756 1
2757 1
2758 1
2759 1
2760 1
2761 2
2762 1
2763 2
2764 1
2765 2
2766 2
2767 1 2
2768 2
2769 2
2770 1
2771 1
2772 2
2773 1
2774 2
2775 2
2776 2
2777 2
2778 1
2779 2
2780 2
2781 1
2782 1
2783 1
2784 1
2785 2
2786 2
2787 2
2788 2
2789 1 2
2790 2
2791 2
2792 1
2793 2
2794 2
2795 2
2796 2
2797 2
2798 2
2799 1
2800 1
2801 1
2802 1
2803 1
2804 1
2805 1
2806 1
2807 1
2808 1
2809 1
2810 2
2811 2
2812 2
2813 1
2814 1
2815 2
2816 1
2817 1
2818 1
2819 1
2820 1
2821 2
2822 1
2823 1
2824 1
2825 1
2826 2
2827 1
2828 2
2829 1
2830 1
2831 1
2832 1
2833 2
2834 2
2835 2
2836 2
2837 2
2838 1
2839 1
2840 1
2841 1
2842 2
2843 1
2844 1
2845 1
2846 2
2847 2
2848 1
2849 1
2850 1
2851 1
2852 1
2853 1
2854 2
2855 2
2856 2
2857 2
2858 2
2859 2
2860 1
2861 2
2862 1
2863 1
2864 1
2865 1
2866 1
2867 2
2868 1 2
2869 1 2
2870 1
2871 1
2872 1
2873 2
2874 1
2875 2
2876 1
2877 1
2878 2
2879 1
2880 1
2881 2
2882 2
2883 1 2
2884 1
2885 2
2886 1
2887 1
2888 2
2889 1
2890 1
2891 2
2892 1
2893 1
2894 2
2895 2
2896 2
2897 2
2898 2
2899 1
2900 1
2901 1
2902 1
2903 1
2904 1
2905 1
2906 1
2907 1
2908 1
2909 2
2910 2
2911 2
2912 1
2913 1
2914 1
2915 1
2916 1
2917 2
2918 1
2919 2
2920 2
2921 2
2922 1
2923 1
2924 1
2925 1
2926 1
2927 1
2928 2
2929 1
2930 1
2931 1
2932 2
2933 2
2934 2
2935 2
2936 2
2937 2
2938 2
2939 2
2940 1
2941 1
2942 1
2943 1
2944 1
2945 1
2946 1
2947 1
2948 1
2949 2
2950 2
2951 1
2952 1
2953 1
2954 1 2
2955 1
2956 1
2957 1
2958 1
2959 1
2960 1
2961 1
2962 1
2963 1
2964 1
2965 1
2966 2
2967 2
2968 1
2969 1
2970 2
2971 2
2972 2
2973 2
2974 1
2975 1
2976 1
2977 1
2978 1
2979 1
2980 1
2981 2
2982 1 2
2983 2
2984 2
2985 2
2986 1
2987 1
2988 1
2989 2
2990 2
2991 1
2992 1
2993 1
2994 2
2995 1
2996 1
2997 1
2998 1
2999 1
3000 1
3001 2
3002 2
3003 2
3004 2
3005 2
3006 1
3007 1
3008 1
3009 1
3010 1
3011 1
3012 1
3013 1
3014 1
3015 2
3016 1
3017 1
3018 1
3019 1
3020 1
3021 2
3022 1
3023 2
3024 2
3025 1
3026 2
3027 2
3028 1
3029 1
3030 1
3031 1
3032 1
3033 2
3034 2
3035 1
3036 2
3037 2
3038 1
3039 1
3040 1 2
3041 2
3042 2
3043 1
3044 1
3045 1
3046 1
3047 2
3048 1
3049 1
3050 2
3051 2
3052 2
3053 2
3054 2
3055 2
3056 2
3057 1
3058 1
3059 1
3060 2
3061 2
3062 2
3063 1
3064 1
3065 1
3066 1
3067 2
3068 2
3069 1
3070 2
3071 2
3072 2
3073 2
3074 2
3075 1
3076 2
3077 2
3078 1
3079 1
3080 1
3081 1
3082 1
3083 1
3084 1
3085 1
3086 1
3087 2
3088 1
3089 1
3090 2
3091 1
3092 1
3093 2
3094 1
3095 1
3096 1
3097 1
3098 1
3099 1
3100 1
3101 1
3102 1
3103 1
3104 2
3105 2
3106 2
3107 1
3108 1
3109 1
3110 2
3111 2
3112 2
3113 1
3114 1
3115 1
3116 1
3117 2
3118 1
3119 1
3120 1
3121 1
3122 2
3123 2
3124 2
3125 1
3126 1
3127 1
3128 1
3129 2
3130 2
3131 1
3132 2
3133 2
3134 1
3135 1
3136 1
3137 2
3138 2
3139 1
3140 1
3141 1
3142 2
3143 2
3144 2
3145 2
3146 2
3147 2
3148 1
3149 1
3150 1
3151 1
3152 1
3153 2
3154 2
3155 1
3156 2
3157 2
3158 2
3159 2
3160 2
3161 1 2
3162 1
3163 1
3164 1
3165 1
3166 1
3167 1
3168 2
3169 1
3170 1
3171 1
3172 1
3173 2
3174 2
3175 2
3176 1
3177 1
3178 1
3179 1
3180 2
3181 2
3182 2
3183 2
3184 2
3185 1
3186 1 2
3187 2
3188 2
3189 2
3190 1
3191 1
3192 2
3193 1
3194 1
3195 1
3196 1
3197 2
3198 1
3199 1
3200 1
3201 1
3202 1
3203 1
3204 2
3205 1
3206 1
3207 1
3208 1
3209 1
3210 1
3211 1
3212 1
3213 1
3214 1
3215 1
3216 1
3217 1
3218 2
3219 1
3220 2
3221 1
3222 2
3223 2
3224 2
3225 1
3226 1 2
3227 2
3228 1
3229 2
3230 1
3231 1
3232 2
3233 2
3234 2
3235 1
3236 1
3237 1
3238 2
3239 2
3240 1 2
3241 2
3242 1
3243 1
3244 1 2
3245 1
3246 2
3247 1
3248 1
3249 1
3250 1
3251 1
3252 1
3253 1
3254 2
3255 1
3256 1
3257 2
3258 2
3259 1
3260 1
3261 1
3262 1
3263 1
3264 1
3265 2
3266 2
3267 2
3268 2
3269 2
3270 1
3271 1
3272 1
3273 1
3274 1
3275 1
3276 2
3277 1
3278 2
3279 2
3280 2
3281 1
3282 2
3283 1
3284 1
3285 2
3286 1
3287 2
3288 2
3289 2
3290 2
3291 1
3292 1
3293 1
3294 2
3295 2
3296 2
3297 2
3298 2
3299 2
3300 2
3301 1
3302 1
3303 1
3304 2
3305 1 2
3306 2
3307 2
3308 1
3309 1
3310 1
3311 1
3312 1
3313 1
3314 1
3315 2
3316 2
3317 1
3318 1
3319 1
3320 1
3321 1
3322 2
3323 2
3324 2
3325 1
3326 1
3327 1
3328 1
3329 1
3330 1
3331 2
3332 1
3333 1
3334 1
3335 1
3336 1
3337 1
3338 1
3339 2
3340 1
3341 1
3342 1
3343 2
3344 2
3345 1
3346 1
3347 1
3348 1
3349 1
3350 1
3351 1
3352 1
3353 1
3354 1 2
3355 1
3356 1
3357 1
3358 1
3359 1
3360 1
3361 2
3362 2
3363 1
3364 1
3365 1
3366 1
3367 1
3368 1
3369 1
3370 2
3371 2
3372 2
3373 1
3374 1
3375 1
3376 1
3377 1
3378 1
3379 1
3380 1
3381 2
3382 2
3383 2
3384 1
3385 1
3386 1
3387 1
3388 2
3389 1
3390 1
3391 2
3392 2
3393 2
3394 2
3395 1
3396 1
3397 1
3398 2
3399 1
3400 1
3401 1 2
3402 1
3403 2
3404 1
3405 1
3406 1
3407 1
3408 1
3409 1
3410 2
3411 1
3412 1
3413 2
3414 2
3415 2
3416 2
3417 2
3418 1
3419 2
3420 2
3421 1 2
3422 1
3423 1
3424 2
3425 1
3426 1
3427 1
3428 1
3429 1
3430 2
3431 2
3432 2
3433 1
3434 2
3435 2
3436 2
3437 2
3438 2
3439 2
3440 1
3441 1
3442 1
3443 1
3444 1
3445 1
3446 1
3447 1
3448 1
3449 1
3450 1
3451 2
3452 2
3453 2
3454 2
3455 1
3456 1
3457 1 2
3458 2
3459 2
3460 1
3461 1
3462 1
3463 1
3464 2
3465 2
3466 2
3467 2
3468 2
3469 2
3470 1
3471 1
3472 1
3473 1
3474 2
3475 2
3476 2
3477 2
3478 2
3479 2
3480 2
3481 2
3482 2
3483 2
3484 2
3485 2
3486 2
3487 2
3488 2
3489 2
3490 2
3491 2
3492 2
3493 1
3494 1
3495 1
3496 1
3497 1
3498 1
3499 2
3500 1
3501 1
3502 2
3503 1
3504 1
3505 2
3506 1
3507 2
3508 2
3509 2
3510 1
3511 1
3512 1
3513 2
3514 1
3515 1
3516 1
3517 2
3518 1
3519 1
3520 2
3521 2
3522 1
3523 2
3524 1
3525 1
3526 2
3527 2
3528 2
3529 1
3530 1
3531 2
3532 1
3533 2
3534 2
3535 2
3536 2
3537 2
3538 2
3539 2
3540 1
3541 1
3542 2
3543 2
3544 2
3545 2
3546 1
3547 1
3548 1
3549 2
3550 1
3551 1
3552 1
3553 1
3554 1
3555 2
3556 1
3557 1
3558 1
3559 1
3560 2
3561 2
3562 1
3563 2
3564 2
3565 1
3566 1
3567 1
3568 2
3569 2
3570 1
3571 2
3572 2
3573 2
3574 2
3575 2
3576 1
3577 2
3578 1
3579 1
3580 2
3581 1
3582 2
3583 2
3584 1
3585 2
3586 1
3587 1
3588 1
3589 1
3590 1
3591 2
3592 2
3593 2
3594 1
3595 1
3596 1
3597 1 2
3598 1
3599 1
3600 1
3601 1
3602 1
3603 1 2
3604 1
3605 1
3606 1
3607 2
3608 2
3609 2
3610 2
3611 2
3612 1
3613 1
3614 1
3615 1
3616 2
3617 1
3618 1
3619 2
3620 1
3621 1
3622 1
3623 1
3624 1
3625 1
3626 1
3627 2
3628 1
3629 1
3630 1
3631 1
3632 1
3633 2
3634 2
3635 1
3636 1
3637 2
3638 1
3639 1
3640 1
3641 1
3642 2
3643 2
3644 2
3645 1
3646 1
3647 1
3648 2
3649 1
3650 2
3651 2
3652 1
3653 1
3654 1
3655 1
3656 1
3657 1
3658 1
3659 2
3660 2
3661 1
3662 2
3663 1
3664 1
3665 1
3666 1
3667 1
3668 1
3669 2
3670 2
3671 1
3672 1
3673 1
3674 1
3675 1
3676 1
3677 2
3678 1
3679 2
3680 1
3681 1
3682 1
3683 1
3684 1
3685 1
3686 1
3687 2
3688 2
3689 1
3690 1
3691 1
3692 1
3693 1
3694 1
3695 2
3696 1
3697 2
3698 1
3699 1
3700 1
3701 1
3702 1
3703 1
3704 1
3705 1
3706 2
3707 2
3708 1
3709 2
3710 1
3711 1
3712 1
3713 1
3714 2
3715 1
3716 2
3717 1
3718 1
3719 1
3720 1
3721 2
3722 1
3723 2
3724 2
3725 1
3726 2
3727 2
3728 1
3729 2
3730 2
3731 2
3732 2
3733 1
3734 1
3735 2
3736 1
3737 2
3738 2
3739 2
3740 2
3741 1
3742 2
3743 2
3744 1
3745 1
3746 2
3747 2
3748 2
3749 2
3750 2
3751 1
3752 2
3753 1
3754 1
3755 2
3756 1
3757 2
3758 1
3759 2
3760 2
3761 1
3762 2
3763 2
3764 2
3765 2
3766 1
3767 2
3768 1
3769 2
3770 2
3771 1
3772 1
3773 2
3774 1
3775 1
3776 2
3777 1
3778 1
3779 1
3780 1 2
3781 2
3782 1
3783 1
3784 1
3785 1
3786 1
3787 2
3788 1
3789 1
3790 2
3791 1
3792 1
3793 1
3794 1
3795 1
3796 1
3797 1
3798 1
3799 1
3800 2
3801 1
3802 2
3803 2
3804 2
3805 2
3806 1 2
3807 1
3808 1
3809 2
3810 2
3811 1
3812 2
3813 2
3814 1 2
3815 1
3816 2
3817 1
3818 2
3819 1
3820 1
3821 1
3822 2
3823 1
3824 1
3825 1
3826 1
3827 2
3828 1
3829 1
3830 2
3831 1
3832 1
3833 2
3834 1
3835 1
3836 1
3837 1
3838 1
3839 1
3840 1
3841 2
3842 2
3843 1
3844 1
3845 2
3846 1
3847 1
3848 1
3849 2
3850 2
3851 2
3852 2
3853 1
3854 1
3855 1
3856 1
3857 1
3858 1
3859 2
3860 2
3861 2
3862 1
3863 2
3864 1
3865 2
3866 2
3867 2
3868 2
3869 2
3870 2
3871 1
3872 2
3873 1
3874 2
3875 1
3876 1
3877 1
3878 1
3879 1
3880 1
3881 2
3882 1
3883 2
3884 1
3885 2
3886 2
3887 2
3888 1
3889 2
3890 1
3891 1
3892 1
3893 1
3894 1
3895 2
3896 2
3897 1
3898 1
3899 2
3900 1
3901 1
3902 1
3903 2
3904 1
3905 1
3906 2
3907 2
3908 2
3909 2
3910 2
3911 2
3912 2
3913 1
3914 2
3915 1
3916 1
3917 1
3918 2
3919 2
3920 2
3921 2
3922 2
3923 2
3924 2
3925 2
3926 2
3927 1
3928 1
3929 2
3930 1
3931 2
3932 2
3933 2
3934 1
3935 2
3936 2
3937 2
3938 1
3939 1
3940 1
3941 2
3942 2
3943 1
3944 2
3945 1
3946 2
3947 1
3948 1
3949 2
3950 1
3951 2
3952 2
3953 2
3954 2
3955 1
3956 1
3957 1
3958 1
3959 1
3960 1
3961 1
3962 1
3963 2
3964 2
3965 2
3966 1
3967 1
3968 1
3969 1
3970 1
3971 1
3972 1
3973 1
3974 1
3975 2
3976 1
3977 1
3978 1
3979 1
3980 1
3981 1
3982 1
3983 2
3984 1
3985 2
3986 1
3987 1
3988 1
3989 1
3990 2
3991 1
3992 1
3993 2
3994 2
3995 2
3996 1
3997 1
3998 1
3999 1
4000 1
4001 1
4002 2
4003 1
4004 1
4005 2
4006 2
4007 1
4008 2
4009 2
4010 2
4011 1
4012 2
4013 2
4014 2
4015 2
4016 2
4017 1
4018 2
4019 2
4020 2
4021 2
4022 2
4023 1
4024 2
4025 2
4026 2
4027 1
4028 1
4029 1
4030 1
4031 2
4032 2
4033 1
4034 1
4035 1
4036 1
4037 2
4038 1
4039 1
4040 1
4041 1
4042 2
4043 1
4044 2
4045 2
4046 1
4047 1
4048 1
4049 1
4050 1
4051 2
4052 2
4053 2
4054 2
4055 1
4056 2
4057 2
4058 2
4059 1
4060 1
4061 1
4062 2
4063 1
4064 1
4065 1
4066 1
4067 1
4068 2
4069 1
4070 2
4071 1
4072 1
4073 1
4074 1
4075 2
4076 2
4077 1
4078 1
4079 1
4080 2
4081 1
4082 1
4083 1 2
4084 1
4085 1
4086 2
4087 2
4088 1
4089 1
4090 1
4091 1
4092 1
4093 2
4094 2
4095 2
4096 2
4097 1
4098 2
4099 1
4100 1
4101 1
4102 2
4103 2
4104 1
4105 1
4106 2
4107 1
4108 1
4109 1
4110 1
4111 1
4112 1
4113 1
4114 2
4115 1
4116 1
4117 1
4118 1
4119 2
4120 2
4121 2
4122 2
4123 2
4124 1
4125 1
4126 1
4127 2
4128 2
4129 2
4130 1
4131 1
4132 1
4133 1
4134 2
4135 2
4136 1
4137 2
4138 2
4139 2
4140 2
4141 1
4142 2
4143 2
4144 2
4145 1
4146 1
4147 1
4148 1
4149 2
4150 2
4151 2
4152 1
4153 2
4154 2
4155 2
4156 1
4157 1
4158 2
4159 2
4160 2
4161 1
4162 1
4163 1
4164 1
4165 1
4166 1
4167 1
4168 1
4169 2
4170 2
4171 1
4172 2
4173 1
4174 1
4175 2
4176 2
4177 1
4178 1
4179 1
4180 1
4181 2
4182 2
4183 2
4184 2
4185 2
4186 2
4187 2
4188 2
4189 2
4190 1
4191 2
4192 2
4193 2
4194 2
4195 2
4196 1
4197 1
4198 1
4199 1
4200 2
4201 2
4202 2
4203 2
4204 1
4205 1
4206 2
4207 1
4208 2
4209 2
4210 1
4211 2
4212 1
4213 2
4214 2
4215 1 2
4216 2
4217 1
4218 2
4219 2
4220 2
4221 2
4222 2
4223 2
4224 1
4225 2
4226 2
4227 2
4228 2
4229 2
4230 2
4231 2
4232 2
4233 2
4234 2
4235 2
4236 2
4237 2
4238 2
4239 2
4240 2
4241 2
4242 2
4243 1
4244 1
4245 1
4246 1
4247 1
4248 1
4249 2
4250 2
4251 1
4252 1
4253 2
4254 1
4255 1
4256 2
4257 2
4258 2
4259 1
4260 2
4261 1
4262 1
4263 2
4264 2
4265 1
4266 2
4267 1
4268 2
4269 2
4270 2
4271 1
4272 1
4273 1
4274 1
4275 1
4276 1
4277 1
4278 2
4279 2
4280 2
4281 2
4282 2
4283 2
4284 2
4285 2
4286 1
4287 1
4288 2
4289 2
4290 2
4291 1
4292 2
4293 2
4294 1
4295 2
4296 2
4297 1
4298 2
4299 2
4300 2
4301 2
4302 1
4303 1
4304 1
4305 1
4306 2
4307 2
4308 2
4309 2
4310 2
4311 2
4312 2
4313 2
4314 2
4315 1
4316 2
4317 2
4318 2
4319 1
4320 2
4321 2
4322 2
4323 2
4324 1
4325 1
4326 1
4327 2
4328 2
4329 2
4330 2
4331 2
4332 2
4333 2
4334 2
4335 2
4336 1
4337 2
4338 2
4339 2
4340 2
4341 2
4342 2
4343 1
4344 1
4345 1
4346 1
4347 1
4348 2
4349 2
4350 2
4351 2
4352 2
4353 2
4354 2
4355 2
4356 2
4357 2
4358 2
4359 1
4360 2
4361 2
4362 1 2
4363 2
4364 2
4365 1
4366 1
4367 1
4368 2
4369 1
4370 1
4371 2
4372 2
4373 2
4374 1
4375 1
4376 2
4377 1
4378 2
4379 1
4380 2
4381 1
4382 2
4383 2
4384 2
4385 1
4386 1
4387 1
4388 2
4389 2
4390 2
4391 2
4392 2
4393 2
4394 1
4395 2
4396 1
4397 1
4398 2
4399 1
4400 1
4401 2
4402 2
4403 1
4404 2
4405 2
4406 1
4407 2
4408 1
4409 2
4410 1
4411 1
4412 1
4413 1
4414 1
4415 1
4416 1
4417 1
4418 2
4419 1
4420 1
4421 1
4422 2
4423 1
4424 2
4425 2
4426 1
4427 1
4428 2
4429 1
4430 1
4431 1
4432 2
4433 2
4434 2
4435 2
4436 2
4437 2
4438 1
4439 2
4440 2
4441 2
4442 2
4443 2
4444 1
4445 1
4446 1
4447 1
4448 1
4449 1
4450 1
4451 2
4452 2
4453 2
4454 2
4455 2
4456 1
4457 1
4458 1
4459 2
4460 1
4461 1
4462 1
4463 1
4464 1
4465 2
4466 1
4467 2
4468 1
4469 2
4470 1
4471 1
4472 2
4473 1
4474 1
4475 1
4476 1
4477 2
4478 2
4479 2
4480 2
4481 1
4482 2
4483 2
4484 2
4485 1
4486 2
4487 2
4488 2
4489 2
4490 1 2
4491 1
4492 2
4493 1
4494 1
4495 1
4496 2
4497 2
4498 2
4499 1
4500 1
4501 1
4502 2
4503 2
4504 2
4505 2
4506 2
4507 2
4508 2
4509 2
4510 1 2
4511 2
4512 2
4513 2
4514 2
4515 2
4516 2
4517 2
4518 2
4519 2
4520 2
4521 2
4522 2
4523 2
4524 2
4525 2
4526 2
4527 1
4528 2
4529 2
4530 2
4531 1
4532 2
4533 1
4534 1
4535 1
4536 2
4537 2
4538 1
4539 2
4540 2
4541 2
4542 2
4543 2
4544 2
4545 2
4546 2
4547 2
4548 2
4549 1
4550 2
4551 2
4552 2
4553 1
4554 2
4555 1
4556 2
4557 2
4558 2
4559 2
4560 2
4561 2
4562 2
4563 1
4564 1
4565 1
4566 1
4567 1
4568 2
4569 1
4570 2
4571 2
4572 2
4573 1
4574 1
4575 2
4576 1 2
4577 1
4578 1 2
4579 1
4580 1
4581 1
4582 1
4583 1
4584 1
4585 2
4586 1
4587 1
4588 1
4589 1
4590 2
4591 1
4592 2
4593 1
4594 1
4595 2
4596 1
4597 2
4598 2
4599 1
4600 2
4601 2
4602 1
4603 2
4604 1
4605 1
4606 2
4607 2
4608 2
4609 2
4610 2
4611 2
4612 2
4613 2
4614 1
4615 2
4616 2
4617 1 2
4618 1 2
4619 2
4620 2
4621 1
4622 1
4623 1
4624 2
4625 2
4626 2
4627 2
4628 1 2
4629 1
4630 1
4631 2
4632 1
4633 1
4634 2
4635 2
4636 1
4637 2
4638 2
4639 1
4640 1
4641 2
4642 1
4643 2
4644 1
4645 1
4646 2
4647 1
4648 1
4649 1
4650 2
4651 2
4652 1
4653 2
4654 2
4655 2
4656 2
4657 1
4658 2
4659 2
4660 2
4661 2
4662 2
4663 1
4664 1
4665 2
4666 2
4667 1
4668 2
4669 1
4670 1
4671 1
4672 2
4673 1
4674 2
4675 2
4676 1
4677 1
4678 1
4679 1
4680 2
4681 2
4682 1 2
4683 1
4684 2
4685 1
4686 1
4687 1
4688 2
4689 1
4690 1
4691 2
4692 1
4693 1
4694 1
4695 2
4696 1
4697 2
4698 2
4699 2
4700 2
4701 1
4702 2
4703 2
4704 1
4705 2
4706 1
4707 1
4708 1
4709 1
4710 1
4711 1
4712 2
4713 1
4714 2
4715 1
4716 2
4717 1
4718 2
4719 2
4720 1
4721 1
4722 1
4723 1
4724 1
4725 1
4726 2
4727 2
4728 2
4729 2
4730 2
4731 2
4732 2
4733 2
4734 1
4735 2
4736 1
4737 2
4738 2
4739 2
4740 2
4741 2
4742 2
4743 1
4744 2
4745 1
4746 2
4747 2
4748 2
4749 2
4750 2
4751 2
4752 2
4753 2
4754 2
4755 2
4756 2
4757 2
4758 2
4759 2
4760 1
4761 1
4762 2
4763 2
4764 1
4765 2
4766 2
4767 2
4768 1
4769 1
4770 2
4771 1
4772 2
4773 2
4774 2
4775 1
4776 2
4777 1
4778 1
4779 2
4780 1
4781 1
4782 2
4783 2
4784 2
4785 2
4786 1
4787 1
4788 2
4789 2
4790 2
4791 2
4792 2
4793 2
4794 2
4795 1
4796 1
4797 1
4798 1
4799 1
4800 2
4801 1
4802 2
4803 2
4804 2
4805 2
4806 2
4807 2
4808 1
4809 1
4810 1
4811 2
4812 1
4813 2
4814 2
4815 1
4816 2
4817 1
4818 2
4819 2
4820 2
4821 1
4822 2
4823 1
4824 2
4825 2
4826 1
4827 2
4828 1 2
4829 1
4830 1
4831 1
4832 1
4833 1
4834 1
4835 1
4836 1
4837 1
4838 2
4839 1
4840 1 2
4841 1
4842 1
4843 1
4844 1
4845 1
4846 2
4847 1
4848 1
4849 1
4850 2
4851 1
4852 2
4853 1
4854 1
4855 1
4856 1
4857 1
4858 1
4859 1
4860 2
4861 1
4862 1
4863 1
4864 1
4865 1
4866 2
4867 2
4868 2
4869 1
4870 1
4871 1
4872 1
4873 2
4874 1
4875 2
4876 2
4877 1
4878 1
4879 2
4880 2
4881 1
4882 1
4883 2
4884 2
4885 1
4886 1
4887 1
4888 1
4889 1
4890 1
4891 2
4892 2
4893 1
4894 1
4895 1
4896 2
4897 2
4898 1
4899 2
4900 1
4901 1
4902 1
4903 1
4904 1
4905 1
4906 1
4907 1
4908 1
4909 2
4910 2
4911 1
4912 1
4913 1
4914 2
4915 1
4916 2
4917 2
4918 1
4919 1
4920 1
4921 2
4922 2
4923 1
4924 1
4925 1 2
4926 1
4927 1 2
4928 2
4929 1
4930 1
4931 2
4932 1
4933 1
4934 2
4935 1
4936 1
4937 1
4938 2
4939 1
4940 2
4941 2
4942 1
4943 2
4944 2
4945 2
4946 1
4947 2
4948 1
4949 1
4950 2
4951 1
4952 2
4953 1
4954 2
4955 2
4956 2
4957 2
4958 1
4959 1
4960 1
4961 1
4962 1
4963 2
4964 1
4965 2
4966 1
4967 1
4968 1
4969 1
4970 1
4971 1
4972 1
4973 1
4974 1
4975 2
4976 1 2
4977 2
4978 1
4979 2
4980 1
4981 2
4982 2
4983 2
4984 1
4985 1
4986 2
4987 1
4988 2
4989 1
4990 1
4991 1 2
4992 1
4993 1
4994 1
4995 1
4996 1
4997 1
4998 1 2
4999 2
5000 1
5001 2
5002 1
5003 1
5004 2
5005 1
5006 2
5007 1
5008 1
5009 2
5010 2
5011 2
5012 1
5013 1
5014 2
5015 2
5016 1
5017 1
5018 2
5019 2
5020 1
5021 1
5022 1
5023 1
5024 1
5025 1
5026 2
5027 1
5028 1
5029 2
5030 1
5031 1
5032 1
5033 1
5034 1
5035 2
5036 1
5037 1
5038 1
5039 2
5040 1
5041 2
5042 2
5043 1
5044 1
5045 1
5046 2
5047 1
5048 1
5049 2
5050 1
5051 2
5052 1
5053 1
5054 1
5055 1
5056 1
5057 1
5058 1
5059 1
5060 1
5061 1
5062 1
5063 1
5064 2
5065 2
5066 1
5067 1
5068 1
5069 1
5070 1
5071 1
5072 1
5073 1
5074 1
5075 1
5076 1
5077 1
5078 1
5079 1
5080 1
5081 1
5082 2
5083 1
5084 2
5085 2
5086 1
5087 1
5088 1
5089 1
5090 1
5091 1
5092 1
5093 1
5094 1
5095 2
5096 2
5097 1
5098 1
5099 1
5100 1
5101 1
5102 1
5103 1
5104 1
5105 1
5106 1
5107 1 2
5108 1
5109 1
5110 1
5111 1
5112 1
5113 1
5114 1
5115 2
5116 2
5117 2
5118 1
5119 1
5120 1
5121 1
5122 1
5123 2
5124 1
5125 1
5126 1 2
5127 1
5128 1
5129 1
5130 1
5131 1
5132 1
5133 2
5134 1
5135 1
5136 1
5137 2
5138 1
5139 1
5140 1
5141 1
5142 1
5143 1
5144 1
5145 1
5146 1
5147 1
5148 1
5149 1
5150 1
5151 1
5152 1
5153 1
5154 1
5155 1
5156 1
5157 1
5158 2
5159 1 2
5160 2
5161 2
5162 1
5163 1
5164 1
5165 1
5166 1
5167 1
5168 1
5169 1
5170 1
5171 1
5172 1
5173 1
5174 1
5175 1
5176 1
5177 1
5178 1
5179 1
5180 1
5181 1
5182 1
5183 1
5184 2
5185 1
5186 1
5187 1
5188 1
5189 1
5190 1
5191 1
5192 1
5193 1
5194 1
5195 1
5196 1
5197 1
5198 2
5199 2
5200 1
5201 1
5202 1
5203 1
5204 1
5205 1
5206 1
5207 1
5208 1
5209 1
5210 2
5211 1
5212 1
5213 1
5214 1
5215 1
5216 2
5217 1
5218 1
5219 1
5220 1
5221 1
5222 1
5223 2
5224 1
5225 1
5226 1
5227 1
5228 1
5229 1
5230 1
5231 1
5232 1
5233 1
5234 1
5235 1
5236 1
5237 2
5238 1
5239 1
5240 1
5241 1
5242 1
5243 1
5244 2
5245 1
5246 1
5247 1
5248 1
5249 1
5250 1
5251 1
5252 1
5253 1
5254 2
5255 1
5256 1
5257 1
5258 2
5259 2
5260 1
5261 1
5262 1
5263 1
5264 1
5265 1
5266 1
5267 1
5268 1
5269 1
5270 1
5271 1
5272 1
5273 1
5274 1
5275 1
5276 1
5277 1
5278 1
5279 1
5280 1
5281 1
5282 1
5283 1
5284 1
5285 1
5286 2
5287 2
5288 1
5289 2
5290 1
5291 1
5292 1
5293 1
5294 1
5295 1
5296 1
5297 1
5298 1
5299 1
5300 1
5301 1
5302 1
5303 2
5304 1
5305 1
5306 1 2
5307 1
5308 1
5309 1
5310 2
5311 1
5312 1
5313 2
5314 1
5315 1
5316 1
5317 1
5318 1
5319 1
5320 2
5321 1
5322 1
5323 1
5324 1
5325 2
5326 1
5327 1
5328 1
5329 1
5330 2
5331 1
5332 1
5333 2
5334 1
5335 1
5336 1
5337 1 2
5338 1
5339 1
5340 2
5341 2
5342 2
5343 1
5344 1
5345 1
5346 2
5347 2
5348 1
5349 1
5350 1
5351 1
5352 1
5353 1
5354 1
5355 1
5356 1
5357 1
5358 1
5359 1
5360 1
5361 2
5362 1
5363 1
5364 1
5365 1
5366 1
5367 1
5368 1
5369 1
5370 1
5371 2
5372 1
5373 1
5374 2
5375 1
5376 1
5377 1
5378 2
5379 2
5380 2
5381 1
5382 1
5383 1
5384 1
5385 2
5386 2
5387 1
5388 1
5389 1
5390 2
5391 2
5392 1
5393 1
5394 2
5395 1
5396 1
5397 1
5398 1
5399 2
5400 2
5401 1
5402 1
5403 1
5404 1
5405 1
5406 1
5407 1
5408 1
5409 1
5410 2
5411 2
5412 1
5413 1
5414 2
5415 1
5416 1
5417 1
5418 1
5419 1
5420 2
5421 1
5422 1
5423 1
5424 1
5425 1
5426 1
5427 1
5428 1
5429 1
5430 1
5431 1
5432 1
5433 1
5434 1
5435 1
5436 1
5437 1
5438 2
5439 1
5440 1
5441 1
5442 1
5443 1
5444 1
5445 1
5446 1
5447 1
5448 1
5449 1
5450 2
5451 2
5452 2
5453 1
5454 1
5455 1
5456 1
5457 2
5458 1
5459 1
5460 1
5461 1
5462 1
5463 1
5464 1
5465 1
5466 2
5467 1
5468 1
5469 1
5470 1
5471 1
5472 1
5473 1
5474 1
5475 1
5476 1
5477 1
5478 1
5479 2
5480 1
5481 2
5482 2
5483 1
5484 2
5485 2
5486 1
5487 1
5488 1
5489 1
5490 2
5491 1
5492 2
5493 1
5494 1
5495 1
5496 1
5497 1
5498 1
5499 1
5500 1
5501 1
5502 1
5503 1
5504 2
5505 1
5506 1
5507 1
5508 1
5509 1
5510 1
5511 2
5512 1
5513 1
5514 1
5515 1
5516 2
5517 1
5518 2
5519 2
5520 2
5521 2
5522 1
5523 1
5524 1
5525 1
5526 1
5527 1
5528 1
5529 1
5530 1
5531 1
5532 1
5533 1
5534 1
5535 1
5536 1
5537 1 2
5538 1
5539 1
5540 2
5541 1
5542 1
5543 1
5544 1
5545 2
5546 1
5547 1
5548 1
5549 1
5550 1
5551 1
5552 2
5553 1
5554 1
5555 1
5556 1
5557 1
5558 2
5559 2
5560 1
5561 2
5562 2
5563 2
5564 1
5565 1
5566 1
5567 1
5568 1
5569 2
5570 2
5571 1
5572 1
5573 1
5574 1
5575 1
5576 2
5577 2
5578 1
5579 1
5580 1
5581 1
5582 1
5583 1
5584 1
5585 1
5586 1
5587 2
5588 2
5589 1
5590 1
5591 1
5592 1
5593 1
5594 1
5595 1
5596 1
5597 1
5598 1
5599 1
5600 1
5601 1
5602 1
5603 1
5604 1
5605 2
5606 1
5607 1
5608 1
5609 2
5610 1
5611 1
5612 2
5613 1
5614 1
5615 1
5616 1
5617 1
5618 1
5619 1
5620 1
5621 1
5622 2
5623 1
5624 1
5625 1
5626 1
5627 1
5628 1
5629 1
5630 1
5631 1
5632 1
5633 1
5634 1
5635 1
5636 1
5637 1
5638 2
5639 2
5640 1
5641 2
5642 1
5643 1
5644 1
5645 1
5646 1
5647 1
5648 1
5649 1
5650 1
5651 1
5652 1
5653 1
5654 1
5655 1
5656 1
5657 1
5658 1
5659 1 2
5660 1
5661 1
5662 1
5663 1
5664 1
5665 1
5666 1
5667 2
5668 1
5669 2
5670 1
5671 1
5672 1 2
5673 1
5674 1
5675 1
5676 1
5677 1
5678 1
5679 1
5680 1
5681 1
5682 1
5683 1
5684 1
5685 1
5686 1
5687 2
5688 1
5689 1
5690 1
5691 1
5692 1
5693 1
5694 1
5695 1
5696 1
5697 1
5698 1
5699 1
5700 1
5701 2
5702 1
5703 1
5704 1
5705 1
5706 1
5707 1
5708 1
5709 1
5710 2
5711 1
5712 2
5713 2
5714 1
5715 1
5716 2
5717 1
5718 1
5719 1
5720 2
5721 1
5722 2
5723 1
5724 1
5725 1
5726 1
5727 1
5728 1
5729 1
5730 1
5731 1
5732 1
5733 1
5734 1
5735 1
5736 1
5737 1
5738 1
5739 1
5740 1
5741 1
5742 1 2
5743 1
5744 1
5745 2
5746 2
5747 1 2
5748 2
5749 1
5750 1
5751 1
5752 1
5753 1
5754 1
5755 1
5756 2
5757 1
5758 1
5759 1
5760 1
5761 1
5762 1
5763 1
5764 1
5765 1
5766 1
5767 1
5768 1
5769 1
5770 1
5771 1
5772 2
5773 1
5774 1
5775 2
5776 1
5777 1
5778 1
5779 1
5780 1
5781 1
5782 2
5783 1
5784 1
5785 1
5786 1
5787 1
5788 1
5789 1
5790 1
5791 1
5792 1
5793 1
5794 1
5795 1
5796 1
5797 1
5798 1
5799 1
5800 1
5801 1
5802 1
5803 2
5804 1
5805 1
5806 2
5807 1
5808 1
5809 1
5810 1
5811 1
5812 2
5813 1
5814 1
5815 2
5816 1
5817 1
5818 1
5819 1
5820 1
5821 1
5822 1
5823 1
5824 1
5825 1
5826 1
5827 1
5828 1
5829 1
5830 1
5831 1
5832 1
5833 1
5834 1
5835 1
5836 1
5837 1
5838 1
5839 1
5840 1
5841 2
5842 2
5843 1
5844 2
5845 1
5846 1
5847 1
5848 1
5849 1
5850 1
5851 1
5852 1
5853 1
5854 1
5855 1
5856 1
5857 1
5858 1
5859 2
5860 2
5861 2
5862 1
5863 1
5864 1
5865 2
5866 1
5867 1
5868 1
5869 1
5870 2
5871 1
5872 1
5873 1
5874 2
5875 1
5876 1
5877 2
5878 1
5879 1
5880 1
5881 1
5882 1
5883 1
5884 1
5885 1
5886 1
5887 1
5888 1
5889 1
5890 1
5891 1
5892 1
5893 1
5894 2
5895 2
5896 1
5897 1
5898 2
5899 2
5900 2
5901 2
5902 1
5903 1
5904 2
5905 1
5906 1
5907 1
5908 1
5909 1
5910 2
5911 2
5912 1
5913 1
5914 2
5915 1
5916 2
5917 1
5918 2
5919 1
5920 1
5921 1
5922 1
5923 1
5924 2
5925 2
5926 2
5927 1
5928 2
5929 2
5930 2
5931 2
5932 2
5933 2
5934 1
5935 1
5936 1
5937 2
5938 2
5939 2
5940 2
5941 2
5942 1
5943 1
5944 1
5945 2
5946 2
5947 2
5948 1
5949 1
5950 1
5951 1
5952 1
5953 1
5954 1
5955 2
5956 2
5957 1
5958 2
5959 2
5960 2
5961 1
5962 1
5963 2
5964 1
5965 2
5966 1
5967 1
5968 1
5969 1
5970 2
5971 2
5972 2
5973 1
5974 2
5975 1
5976 1
5977 1
5978 1
5979 1
5980 1
5981 1
5982 1
5983 1
5984 1
5985 1
5986 1
5987 1
5988 1
5989 1
5990 2
5991 2
5992 1
5993 2
5994 1
5995 1
5996 1
5997 1
5998 2
5999 2
6000 2
6001 1
6002 2
6003 2
6004 1
6005 1
6006 1
6007 1
6008 1
6009 1
6010 1
6011 1
6012 2
6013 1
6014 1
6015 2
6016 2
6017 2
6018 2
6019 2
6020 1
6021 1
6022 2
6023 2
6024 2
6025 1
6026 2
6027 1
6028 1
6029 1
6030 2
6031 2
6032 2
6033 1
6034 1
6035 1
6036 1
6037 1
6038 1
6039 1
6040 1
6041 1
6042 2
6043 1
6044 2
6045 1 2
6046 1
6047 1
6048 1
6049 2
6050 2
6051 1
6052 2
6053 2
6054 2
6055 1
6056 2
6057 1
6058 1
6059 1
6060 2
6061 1
6062 1
6063 1
6064 1
6065 1
6066 1
6067 2
6068 2
6069 1
6070 2
6071 1
6072 2
6073 2
6074 1
6075 2
6076 1
6077 2
6078 2
6079 1
6080 1
6081 1
6082 1
6083 1
6084 1
6085 1
6086 1
6087 1
6088 2
6089 2
6090 2
6091 2
6092 2
6093 1
6094 1
6095 1
6096 1
6097 2
6098 2
6099 1
6100 2
6101 2
6102 1
6103 1
6104 1
6105 2
6106 2
6107 2
6108 2
6109 2
6110 1
6111 1
6112 1
6113 1
6114 1
6115 2
6116 2
6117 2
6118 2
6119 1
6120 2
6121 1
6122 2
6123 1
6124 1
6125 1
6126 2
6127 1
6128 1
6129 2
6130 1
6131 1
6132 1
6133 1
6134 2
6135 1
6136 2
6137 2
6138 2
6139 1
6140 1
6141 2
6142 2
6143 2
6144 2
6145 2
6146 2
6147 1
6148 2
6149 2
6150 2
6151 2
6152 1
6153 1
6154 1
6155 2
6156 1
6157 2
6158 1
6159 1
6160 1
6161 1
6162 2
6163 2
6164 2
6165 2
6166 1
6167 2
6168 2
6169 1
6170 2
6171 2
6172 2
6173 2
6174 1
6175 2
6176 2
6177 2
6178 1
6179 2
6180 1
6181 2
6182 1
6183 1
6184 2
6185 2
6186 2
6187 1
6188 2
6189 1
6190 1
6191 1
6192 1
6193 1
6194 1
6195 1
6196 1
6197 1
6198 1
6199 1
6200 2
6201 2
6202 2
6203 1
6204 1
6205 2
6206 1
6207 1
6208 1 2
6209 1
6210 1
6211 1
6212 1
6213 2
6214 2
6215 2
6216 1
6217 2
6218 2
6219 2
6220 2
6221 1
6222 2
6223 2
6224 2
6225 2
6226 1
6227 1
6228 1
6229 1
6230 1
6231 2
6232 2
6233 2
6234 2
6235 1
6236 2
6237 1
6238 2
6239 2
6240 1
6241 1
6242 2
6243 1
6244 1
6245 2
6246 1
6247 1
6248 1
6249 1
6250 1
6251 2
6252 1
6253 1
6254 1
6255 2
6256 1
6257 1
6258 1
6259 2
6260 1
6261 1
6262 1
6263 1
6264 2
6265 1
6266 2
6267 1
6268 1
6269 2
6270 1
6271 2
6272 2
6273 1
6274 2
6275 1
6276 1
6277 1
6278 1
6279 1
6280 1
6281 1
6282 2
6283 1
6284 2
6285 2
6286 2
6287 2
6288 2
6289 2
6290 2
6291 2
6292 2
6293 2
6294 2
6295 1
6296 1
6297 2
6298 2
6299 2
6300 2
6301 1
6302 1
6303 1
6304 1
6305 2
6306 2
6307 2
6308 2
6309 2
6310 2
6311 1
6312 1
6313 1
6314 1
6315 2
6316 2
6317 2
6318 2
6319 1
6320 1
6321 2
6322 2
6323 1
6324 1
6325 1
6326 1
6327 1
6328 2
6329 2
6330 2
6331 1
6332 1
6333 1
6334 2
6335 2
6336 1
6337 1
6338 2
6339 1
6340 2
6341 2
6342 1
6343 1
6344 2
6345 2
6346 2
6347 2
6348 2
6349 2
6350 1
6351 1
6352 2
6353 2
6354 2
6355 1
6356 2
6357 2
6358 1
6359 1
6360 1
6361 1
6362 2
6363 1
6364 1
6365 1
6366 1
6367 1
6368 2
6369 1
6370 2
6371 2
6372 1
6373 1
6374 1
6375 2
6376 2
6377 2
6378 1
6379 2
6380 2
6381 2
6382 1
6383 2
6384 1
6385 1
6386 2
6387 1
6388 1
6389 1
6390 1
6391 1
6392 1
6393 2
6394 1
6395 2
6396 1
6397 1
6398 1
6399 1
6400 2
6401 1
6402 2
6403 2
6404 1
6405 2
6406 2
6407 2
6408 1
6409 2
6410 2
6411 2
6412 2
6413 1
6414 1
6415 1
6416 2
6417 2
6418 1
6419 1
6420 2
6421 1
6422 1
6423 2
6424 2
6425 1
6426 1
6427 1
6428 2
6429 1
6430 1
6431 2
6432 1 2
6433 2
6434 2
6435 2
6436 2
6437 2
6438 2
6439 2
6440 2
6441 2
6442 2
6443 2
6444 2
6445 1 2
6446 2
6447 2
6448 2
6449 2
6450 2
6451 1
6452 1
6453 1
6454 1
6455 1
6456 2
6457 1
6458 1
6459 1
6460 2
6461 1
6462 1
6463 2
6464 1
6465 1
6466 1
6467 2
6468 1
6469 1
6470 2
6471 2
6472 1
6473 2
6474 2
6475 2
6476 2
6477 1
6478 2
6479 2
6480 2
6481 2
6482 2
6483 2
6484 1
6485 2
6486 2
6487 2
6488 1
6489 1
6490 1
6491 1
6492 1
6493 2
6494 1
6495 2
6496 1
6497 2
6498 1
6499 1
6500 1
6501 1
6502 1
6503 1 2
6504 1
6505 2
6506 2
6507 1
6508 1
6509 1
6510 1
6511 1
6512 1
6513 1
6514 1
6515 1
6516 2
6517 2
6518 1
6519 1
6520 2
6521 1
6522 2
6523 2
6524 2
6525 2
6526 2
6527 2
6528 1
6529 2
6530 1
6531 2
6532 2
6533 2
6534 2
6535 2
6536 2
6537 2
6538 1
6539 2
6540 2
6541 2
6542 2
6543 1
6544 1
6545 1
6546 2
6547 1
6548 1
6549 2
6550 1
6551 1
6552 1
6553 1
6554 1
6555 2
6556 2
6557 1
6558 2
6559 1
6560 2
6561 1
6562 2
6563 2
6564 2
6565 2
6566 1
6567 1
6568 2
6569 1
6570 1
6571 2
6572 1
6573 1
6574 2
6575 2
6576 2
6577 1
6578 2
6579 2
6580 2
6581 2
6582 1
6583 2
6584 2
6585 2
6586 2
6587 2
6588 1
6589 1
6590 2
6591 2
6592 1
6593 1
6594 2
6595 2
6596 1
6597 1
6598 1
6599 1
6600 2
6601 2
6602 2
6603 2
6604 2
6605 1
6606 2
6607 1
6608 2
6609 2
6610 2
6611 2
6612 2
6613 1
6614 1
6615 1
6616 1
6617 2
6618 2
6619 2
6620 1
6621 1
6622 1
6623 1
6624 1
6625 1
6626 2
6627 1
6628 2
6629 1
6630 1
6631 1
6632 2
6633 2
6634 1
6635 1
6636 2
6637 2
6638 2
6639 2
6640 2
6641 2
6642 1
6643 1
6644 2
6645 2
6646 2
6647 2
6648 2
6649 1
6650 2
6651 2
6652 2
6653 2
6654 2
6655 2
6656 2
6657 2
6658 1
6659 2
6660 2
6661 2
6662 2
6663 2
6664 2
6665 1
6666 1
6667 1
6668 2
6669 2
6670 1
6671 1
6672 1
6673 1
6674 1
6675 2
6676 1
6677 2
6678 1
6679 1
6680 2
6681 2
6682 1
6683 1
6684 2
6685 2
6686 2
6687 2
6688 2
6689 1
6690 1
6691 2
6692 2
6693 2
6694 1
6695 1
6696 2
6697 2
6698 2
6699 2
6700 2
6701 1
6702 1
6703 1
6704 2
6705 2
6706 2
6707 2
6708 2
6709 2
6710 2
6711 2
6712 2
6713 1
6714 1
6715 1
6716 1
6717 1
6718 1
6719 1
6720 2
6721 2
6722 2
6723 2
6724 1
6725 1
6726 1
6727 1
6728 2
6729 1
6730 2
6731 1
6732 1
6733 1
6734 1
6735 2
6736 1
6737 1
6738 1
6739 2
6740 1
6741 1
6742 2
6743 2
6744 2
6745 1
6746 1
6747 1
6748 1
6749 1
6750 1
6751 1
6752 1
6753 2
6754 1
6755 2
6756 1
6757 2
6758 1
6759 1
6760 2
6761 1
6762 1
6763 2
6764 2
6765 2
6766 1
6767 2
6768 2
6769 1
6770 1
6771 1
6772 1
6773 1
6774 1
6775 1
6776 2
6777 2
6778 2
6779 1
6780 1
6781 1
6782 2
6783 1
6784 1
6785 1
6786 1
6787 1
6788 1
6789 2
6790 2
6791 2
6792 2
6793 2
6794 2
6795 2
6796 2
6797 2
6798 2
6799 2
6800 1
6801 2
6802 1
6803 2
6804 2
6805 2
6806 2
6807 1
6808 1
6809 2
6810 2
6811 2
6812 2
6813 2
6814 2
6815 1
6816 1
6817 2
6818 2
6819 2
6820 2
6821 2
6822 2
6823 2
6824 2
6825 1
6826 1
6827 1
6828 2
6829 2
6830 2
6831 2
6832 2
6833 2
6834 2
6835 1
6836 2
6837 1
6838 2
6839 2
6840 1
6841 2
6842 2
6843 2
6844 2
6845 2
6846 2
6847 2
6848 2
6849 2
6850 2
6851 2
6852 2
6853 2
6854 1
6855 1
6856 1
6857 1
6858 1
6859 1
6860 2
6861 1
6862 2
6863 1
6864 1
6865 2
6866 2
6867 2
6868 1
6869 2
6870 1
6871 1
6872 2
6873 1
6874 1
6875 2
6876 2
6877 1
6878 1
6879 2
6880 2
6881 2
6882 2
6883 2
6884 1
6885 1
6886 2
6887 2
6888 2
6889 1
6890 2
6891 2
6892 2
6893 2
6894 1
6895 2
6896 2
6897 2
6898 1
6899 1
6900 1
6901 1
6902 2
6903 2
6904 2
6905 2
6906 2
6907 2
6908 2
6909 1
6910 1
6911 2
6912 1
6913 2
6914 2
6915 2
6916 2
6917 2
6918 1
6919 1
6920 2
6921 1
6922 2
6923 1
6924 1
6925 1
6926 2
6927 1
6928 2
6929 2
6930 1
6931 1
6932 2
6933 1
6934 1
6935 2
6936 2
6937 2
6938 1
6939 2
6940 2
6941 2
6942 1
6943 2
6944 2
6945 2
6946 2
6947 2
6948 1
6949 2
6950 2
6951 2
6952 2
6953 2
6954 2
6955 2
6956 2
6957 1
6958 2
6959 1
6960 1
6961 1
6962 2
6963 2
6964 1
6965 1
6966 2
6967 1
6968 1
6969 1
6970 1
6971 1
6972 1
6973 1
6974 1
6975 2
6976 2
6977 2
6978 2
6979 1
6980 1
6981 1
6982 1
6983 1
6984 2
6985 2
6986 1
6987 1
6988 2
6989 1
6990 2
6991 2
6992 1
6993 2
6994 2
6995 1
6996 1
6997 1
6998 1
6999 2
7000 1
7001 1
7002 2
7003 2
7004 1
7005 1
7006 1
7007 1
7008 1
7009 1
7010 1
7011 1
7012 1
7013 1
7014 2
7015 2
7016 1
7017 2
7018 1
7019 2
7020 2
7021 2
7022 1
7023 1
7024 2
7025 2
7026 2
7027 2
7028 2
7029 2
7030 2
7031 2
7032 2
7033 2
7034 2
7035 2
7036 1
7037 2
7038 2
7039 2
7040 2
7041 2
7042 1
7043 1
7044 1
7045 1
7046 1
7047 2
7048 2
7049 1
7050 2
7051 2
7052 1
7053 2
7054 1
7055 1
7056 2
7057 2
7058 1
7059 2
7060 1
7061 2
7062 1
7063 1
7064 1
7065 2
7066 1
7067 2
7068 2
7069 2
7070 2
7071 2
7072 1
7073 2
7074 2
7075 1
7076 1
7077 1
7078 1
7079 2
7080 1
7081 1
7082 1
7083 1
7084 1
7085 2
7086 2
7087 2
7088 1 2
7089 1
7090 2
7091 2
7092 1
7093 1
7094 1 2
7095 1
7096 1
7097 1
7098 1
7099 1
7100 1
7101 2
7102 1
7103 1
7104 2
7105 2
7106 2
7107 1
7108 2
7109 2
7110 1
7111 1
7112 2
7113 1
7114 1
7115 1
7116 2
7117 1
7118 2
7119 2
7120 2
7121 2
7122 1
7123 2
7124 2
7125 1
7126 1
7127 2
7128 1
7129 2
7130 2
7131 2
7132 1
7133 1
7134 2
7135 2
7136 2
7137 2
7138 2
7139 2
7140 2
7141 1
7142 1
7143 1
7144 2
7145 1
7146 1
7147 1
7148 1
7149 1
7150 1
7151 2
7152 2
7153 2
7154 2
7155 2
7156 2
7157 1
7158 1
7159 2
7160 2
7161 1
7162 1
7163 1
7164 2
7165 2
7166 2
7167 2
7168 1
7169 1
7170 1
7171 1
7172 1
7173 1
7174 1
7175 1
7176 1
7177 1
7178 1
7179 2
7180 1
7181 1
7182 1
7183 2
7184 1
7185 1
7186 2
7187 1
7188 1
7189 1
7190 1
7191 1
7192 1
7193 1
7194 1
7195 1
7196 1
7197 2
7198 1
7199 2
7200 2
7201 1
7202 1
7203 1
7204 2
7205 1
7206 1
7207 1
7208 1
7209 2
7210 1
7211 1
7212 1
7213 2
7214 2
7215 1
7216 1
7217 2
7218 2
7219 1
7220 1
7221 1
7222 2
7223 2
7224 2
7225 1
7226 1
7227 1
7228 1
7229 1
7230 2
7231 1
7232 2
7233 2
7234 2
7235 1
7236 2
7237 1
7238 1
7239 2
7240 2
7241 2
7242 2
7243 2
7244 1
7245 1
7246 1
7247 1
7248 1
7249 1
7250 2
7251 1
7252 2
7253 1
7254 1
7255 1
7256 1
7257 1
7258 1
7259 2
7260 1
7261 1
7262 1
7263 1
7264 1
7265 2
7266 2
7267 2
7268 2
7269 2
7270 2
7271 2
7272 2
7273 1
7274 1
7275 1
7276 1
7277 1
7278 1
7279 1
7280 2
7281 2
7282 2
7283 2
7284 1
7285 1
7286 2
7287 2
7288 1
7289 1
7290 1
7291 2
7292 2
7293 2
7294 2
7295 2
7296 1
7297 1
7298 1
7299 1
7300 1
7301 1
7302 1
7303 1
7304 1
7305 2
7306 2
7307 2
7308 1
7309 2
7310 2
7311 2
7312 2
7313 1
7314 2
7315 1
7316 1
7317 1
7318 1
7319 2
7320 2
7321 2
7322 2
7323 1
7324 1
7325 2
7326 2
7327 1
7328 1
7329 1
7330 1
7331 1
7332 2
7333 1
7334 1
7335 2
7336 2
7337 2
7338 1
7339 1
7340 1
7341 1
7342 1
7343 1
7344 1
7345 1
7346 1
7347 1
7348 1
7349 2
7350 2
7351 2
7352 2
7353 1
7354 2
7355 2
7356 2
7357 1
7358 1
7359 1
7360 1
7361 1
7362 1
7363 1
7364 1
7365 2
7366 2
7367 1
7368 1
7369 1
7370 1
7371 1
7372 1
7373 1
7374 1
7375 2
7376 1
7377 2
7378 2
7379 1
7380 2
7381 2
7382 2
7383 2
7384 1
7385 1
7386 2
7387 2
7388 2
7389 2
7390 2
7391 2
7392 2
7393 2
7394 2
7395 1
7396 1
7397 1
7398 1
7399 1
7400 2
7401 2
7402 1
7403 1
7404 1
7405 2
7406 1
7407 1
7408 1
7409 1
7410 1
7411 2
7412 2
7413 1
7414 2
7415 2
7416 1
7417 2
7418 2
7419 1
7420 2
7421 1
7422 2
7423 2
7424 2
7425 1
7426 1
7427 1
7428 1
7429 1
7430 2
7431 1
7432 1
7433 1
7434 1
7435 2
7436 2
7437 1
7438 1
7439 1
7440 1
7441 1
7442 1
7443 2
7444 2
7445 1
7446 1
7447 2
7448 1
7449 2
7450 2
7451 2
7452 2
7453 1
7454 2
7455 1
7456 2
7457 1
7458 2
7459 2
7460 1
7461 2
7462 2
7463 2
7464 2
7465 2
7466 2
7467 2
7468 2
7469 1
7470 1
7471 1
7472 2
7473 1
7474 1
7475 2
7476 2
7477 2
7478 1
7479 1
7480 1
7481 1
7482 1
7483 1
7484 1
7485 2
7486 1
7487 1
7488 1
7489 1
7490 1
7491 1
7492 1
7493 1
7494 2
7495 2
7496 1
7497 1
7498 1
7499 2
7500 2
7501 1
7502 1
7503 2
7504 2
7505 2
7506 2
7507 1
7508 2
7509 2
7510 2
7511 2
7512 1
7513 2
7514 1
7515 1
7516 1
7517 2
7518 2
7519 2
7520 2
7521 1
7522 2
7523 1
7524 1
7525 2
7526 1
7527 1
7528 2
7529 2
7530 2
7531 1
7532 1
7533 1
7534 1
7535 1
7536 2
7537 1
7538 2
7539 2
7540 2
7541 1
7542 2
7543 2
7544 2
7545 1
7546 2
7547 2
7548 1
7549 1
7550 1
7551 1
7552 1
7553 2
7554 2
7555 2
7556 1
7557 1
7558 1
7559 2
7560 1
7561 2
7562 2
7563 1
7564 2
7565 1
7566 2
7567 2
7568 2
7569 1
7570 1
7571 1
7572 1
7573 2
7574 1
7575 1
7576 1
7577 2
7578 2
7579 1
7580 1
7581 1
7582 1
7583 1
7584 2
7585 1
7586 2
7587 1
7588 2
7589 2
7590 1
7591 1
7592 2
7593 2
7594 2
7595 1
7596 1
7597 2
7598 2
7599 2
7600 2
7601 1
7602 2
7603 1
7604 1
7605 1
7606 1
7607 2
7608 1
7609 1
7610 1
7611 2
7612 1
7613 1
7614 1
7615 1
7616 1
7617 2
7618 1
7619 1
7620 2
7621 1
7622 2
7623 2
7624 1
7625 2
7626 2
7627 1
7628 2
7629 2
7630 2
7631 1 2
7632 2
7633 2
7634 2
7635 1
7636 2
7637 2
7638 1
7639 1
7640 1
7641 1
7642 2
7643 1
7644 2
7645 2
7646 1
7647 1
7648 1
7649 1
7650 1
7651 1
7652 2
7653 1
7654 2
7655 2
7656 2
7657 2
7658 2
7659 1
7660 1
7661 2
7662 2
7663 2
7664 1
7665 1
7666 1
7667 1
7668 2
7669 2
7670 1
7671 1
7672 1
7673 1
7674 1
7675 2
7676 2
7677 2
7678 2
7679 2
7680 2
7681 2
7682 1
7683 1
7684 1 2
7685 1
7686 1
7687 1
7688 2
7689 2
7690 2
7691 1
7692 1
7693 1
7694 1
7695 1
7696 1
7697 2
7698 2
7699 2
7700 1
7701 1
7702 2
7703 1
7704 2
7705 2
7706 1
7707 1
7708 1
7709 1
7710 1
7711 1
7712 1
7713 1
7714 1
7715 2
7716 1
7717 1
7718 1
7719 1
7720 1
7721 2
7722 2
7723 2
7724 2
7725 1
7726 1
7727 1
7728 1
7729 2
7730 1
7731 2
7732 2
7733 1
7734 2
7735 2
7736 2
7737 2
7738 1
7739 2
7740 1
7741 2
7742 1 2
7743 2
7744 2
7745 2
7746 2
7747 2
7748 1
7749 1
7750 2
7751 2
7752 2
7753 2
7754 2
7755 2
7756 1
7757 2
7758 1
7759 2
7760 2
7761 1
7762 1
7763 2
7764 2
7765 2
7766 1
7767 1
7768 2
7769 2
7770 2
7771 2
7772 2
7773 1
7774 1
7775 1
7776 2
7777 2
7778 1
7779 1
7780 1
7781 1
7782 1
7783 1
7784 1
7785 2
7786 2
7787 2
7788 2
7789 1
7790 1
7791 1
7792 1
7793 1
7794 1
7795 2
7796 2
7797 2
7798 2
7799 1
7800 1
7801 1
7802 1
7803 2
7804 2
7805 1
7806 1
7807 2
7808 1
7809 1
7810 2
7811 2
7812 1
7813 1
7814 2
7815 1
7816 1
7817 1
7818 1
7819 1
7820 1
7821 1
7822 2
7823 2
7824 2
7825 2
7826 1
7827 2
7828 1
7829 1
7830 2
7831 1
7832 1
7833 1
7834 1
7835 1
7836 1
7837 2
7838 2
7839 2
7840 2
7841 1
7842 1
7843 2
7844 1
7845 1
7846 1
7847 1
7848 1
7849 1
7850 2
7851 2
7852 2
7853 2
7854 1
7855 1
7856 2
7857 1
7858 1
7859 1
7860 2
7861 2
7862 1
7863 2
7864 2
7865 2
7866 2
7867 2
7868 2
7869 2
7870 2
7871 2
7872 2
7873 2
7874 2
7875 2
7876 2
7877 1
7878 1
7879 1
7880 1
7881 1
7882 1
7883 1
7884 2
7885 2
7886 2
7887 2
7888 2
7889 2
7890 1
7891 2
7892 2
7893 1
7894 2
7895 2
7896 1
7897 2
7898 1
7899 1
7900 1
7901 1
7902 1
7903 1
7904 1
7905 1
7906 2
7907 1
7908 1
7909 1
7910 1
7911 2
7912 1
7913 2
7914 1
7915 1
7916 1
7917 1
7918 1
7919 1
7920 1
7921 2
7922 1
7923 1 2
7924 2
7925 2
7926 2
7927 2
7928 2
7929 2
7930 1
7931 1
7932 1
7933 2
7934 1 2
7935 2
7936 2
7937 1
7938 1
7939 1
7940 1
7941 1 2
7942 1
7943 1
7944 1
7945 1
7946 1
7947 1
7948 1
7949 1
7950 1
7951 2
7952 1
7953 1
7954 2
7955 2
7956 2
7957 2
7958 1
7959 1
7960 2
7961 2
7962 1
7963 1
7964 1
7965 1
7966 2
7967 1
7968 1
7969 1
7970 1
7971 2
7972 2
7973 1
7974 1
7975 2
7976 2
7977 2
7978 2
7979 2
7980 1
7981 2
7982 2
7983 2
7984 1
7985 1
7986 1
7987 1
7988 1
7989 1
7990 1
7991 2
7992 2
7993 2
7994 2
7995 2
7996 2
7997 2
7998 2
7999 2
8000 2
8001 2
8002 2
8003 1
8004 2
8005 2
8006 1
8007 1
8008 2
8009 1
8010 1
8011 2
8012 2
8013 1
8014 2
8015 1
8016 1
8017 1
8018 1
8019 1
8020 2
8021 1
8022 1
8023 1
8024 1
8025 2
8026 1
8027 2
8028 2
8029 2
8030 2
8031 2
8032 2
8033 1
8034 2
8035 1
8036 1
8037 2
8038 1
8039 2
8040 2
8041 1
8042 1
8043 2
8044 1
8045 2
8046 2
8047 2
8048 2
8049 1
8050 2
8051 2
8052 1
8053 1
8054 1
8055 1
8056 1
8057 2
8058 2
8059 2
8060 1
8061 1
8062 2
8063 1
8064 1
8065 2
8066 2
8067 2
8068 2
8069 1
8070 1
8071 2
8072 2
8073 1
8074 1
8075 1
8076 2
8077 1
8078 2
8079 1
8080 1
8081 1
8082 1
8083 2
8084 1
8085 1
8086 1
8087 1
8088 1
8089 1
8090 1
8091 1
8092 2
8093 2
8094 1
8095 1
8096 2
8097 2
8098 2
8099 2
8100 2
8101 1
8102 1
8103 2
8104 1
8105 1
8106 1
8107 2
8108 2
8109 1
8110 2
8111 2
8112 1
8113 2
8114 2
8115 1
8116 1
8117 2
8118 1
8119 1
8120 2
8121 2
8122 2
8123 2
8124 1
8125 1
8126 1
8127 1
8128 2
8129 1
8130 1
8131 1
8132 1
8133 1
8134 2
8135 2
8136 1
8137 2
8138 2
8139 2
8140 2
8141 2
8142 2
8143 2
8144 1
8145 1
8146 1
8147 1
8148 2
8149 2
8150 2
8151 1
8152 2
8153 2
8154 1
8155 1
8156 1
8157 2
8158 2
8159 1
8160 2
8161 1
8162 2
8163 2
8164 2
8165 2
8166 1
8167 1
8168 1
8169 2
8170 2
8171 2
8172 2
8173 2
8174 1
8175 2
8176 2
8177 2
8178 2
8179 1
8180 1
8181 2
8182 2
8183 1
8184 1
8185 1
8186 2
8187 2
8188 1
8189 1
8190 2
8191 1
8192 1
8193 1
8194 2
8195 1
8196 2
8197 2
8198 1
8199 1
8200 1
8201 2
8202 1
8203 2
8204 2
8205 2
8206 1
8207 1
8208 1
8209 1
8210 2
8211 2
8212 2
8213 2
8214 2
8215 2
8216 1
8217 1
8218 1
8219 2
8220 2
8221 1 2
8222 1
8223 1
8224 1
8225 2
8226 2
8227 1
8228 1
8229 1
8230 2
8231 2
8232 2
8233 2
8234 1
8235 2
8236 1
8237 1
8238 1
8239 1
8240 2
8241 2
8242 1
8243 2
8244 2
8245 2
8246 2
8247 1
8248 2
8249 2
8250 2
8251 1
8252 1
8253 1
8254 2
8255 1
8256 1
8257 1
8258 1
8259 2
8260 2
8261 1
8262 1
8263 1
8264 1
8265 2
8266 2
8267 2
8268 1
8269 1
8270 2
8271 1
8272 1
8273 2
8274 1
8275 2
8276 1
8277 1
8278 2
8279 2
8280 1
8281 2
8282 1
8283 1
8284 2
8285 1
8286 1
8287 2
8288 1
8289 1
8290 1
8291 1
8292 1
8293 2
8294 2
8295 1
8296 2
8297 1
8298 1
8299 2
8300 1
8301 1
8302 1
8303 2
8304 1
8305 2
8306 2
8307 2
8308 1
8309 2
8310 1
8311 1
8312 1
8313 1
8314 1
8315 1
8316 2
8317 1
8318 1
8319 1
8320 2
8321 2
8322 2
8323 1
8324 1
8325 1
8326 1
8327 1
8328 2
8329 2
8330 1
8331 2
8332 1
8333 1
8334 1
8335 1
8336 2
8337 1
8338 1
8339 2
8340 2
8341 2
8342 1
8343 1
8344 1
8345 2
8346 1
8347 1
8348 2
8349 1
8350 1
8351 1
8352 1
8353 1
8354 1
8355 1
8356 1
8357 2
8358 2
8359 2
8360 1
8361 2
8362 1
8363 1
8364 2
8365 2
8366 1
8367 2
8368 1
8369 1
8370 1
8371 1
8372 2
8373 2
8374 1
8375 2
8376 1
8377 1
8378 1
8379 2
8380 2
8381 1
8382 1
8383 2
8384 2
8385 2
8386 1
8387 2
8388 2
8389 1
8390 1
8391 2
8392 2
8393 2
8394 1
8395 2
8396 2
8397 1
8398 2
8399 2
8400 1
8401 2
8402 2
8403 1
8404 1
8405 1
8406 1
8407 1
8408 2
8409 2
8410 1
8411 2
8412 2
8413 2
8414 1
8415 1
8416 1
8417 2
8418 1
8419 2
8420 1
8421 1
8422 1
8423 1
8424 1
8425 1
8426 1
8427 1
8428 2
8429 1
8430 1
8431 1
8432 1
8433 1
8434 1
8435 2
8436 1
8437 1
8438 1
8439 1
8440 2
8441 2
8442 1
8443 1
8444 1
8445 1
8446 1
8447 1
8448 1
8449 1
8450 1
8451 2
8452 2
8453 2
8454 1
8455 2
8456 1
8457 1
8458 2
8459 1
8460 2
8461 2
8462 2
8463 2
8464 2
8465 2
8466 1
8467 1
8468 1
8469 1
8470 2
8471 2
8472 1
8473 2
8474 2
8475 2
8476 2
8477 1
8478 1
8479 1
8480 1
8481 1
8482 1
8483 1
8484 1
8485 2
8486 1
8487 1
8488 1
8489 1
8490 2
8491 2
8492 2
8493 1
8494 1
8495 1
8496 1
8497 1
8498 2
8499 1
8500 1
8501 1
8502 1
8503 2
8504 2
8505 2
8506 1
8507 1
8508 2
8509 1
8510 1
8511 1
8512 1
8513 1
8514 1
8515 2
8516 1
8517 2
8518 1
8519 2
8520 1
8521 1
8522 2
8523 2
8524 1
8525 1
8526 1
8527 1
8528 2
8529 2
8530 2
8531 1
8532 1
8533 1
8534 1
8535 1
8536 1
8537 1
8538 2
8539 2
8540 2
8541 1
8542 1
8543 1
8544 1
8545 1
8546 2
8547 1
8548 1
8549 2
8550 1
8551 2
8552 2
8553 2
8554 2
8555 1
8556 1
8557 2
8558 2
8559 1
8560 2
8561 2
8562 2
8563 2
8564 2
8565 1
8566 2
8567 1
8568 2
8569 2
8570 2
8571 1
8572 2
8573 2
8574 2
8575 1
8576 1
8577 2
8578 2
8579 2
8580 2
8581 2
8582 2
8583 2
8584 2
8585 2
8586 1
8587 1
8588 2
8589 2
8590 2
8591 2
8592 2
8593 2
8594 2
8595 2
8596 2
8597 2
8598 1
8599 2
8600 2
8601 2
8602 1
8603 1
8604 1
8605 1
8606 1
8607 2
8608 1
8609 1
8610 1
8611 1
8612 2
8613 2
8614 1
8615 2
8616 2
8617 1
8618 1
8619 1
8620 2
8621 2
8622 2
8623 2
8624 1
8625 2
8626 2
8627 1
8628 1
8629 1
8630 1
8631 2
8632 1
8633 1
8634 1
8635 1
8636 1
8637 1
8638 1
8639 1
8640 1
8641 2
8642 1
8643 1
8644 1
8645 1
8646 1
8647 1
8648 1
8649 1
8650 2
8651 2
8652 2
8653 2
8654 1
8655 1
8656 1
8657 1
8658 1
8659 1
8660 2
8661 1
8662 1
8663 1
8664 1
8665 1
8666 2
8667 2
8668 1
8669 1
8670 1
8671 1
8672 1
8673 1
8674 2
8675 2
8676 2
8677 1
8678 1
8679 2
8680 1
8681 1
8682 1
8683 1
8684 1
8685 2
8686 2
8687 2
8688 1
8689 1
8690 1
8691 1
8692 2
8693 2
8694 2
8695 2
8696 2
8697 1
8698 1
8699 2
8700 1
8701 1
8702 2
8703 2
8704 1
8705 1
8706 1
8707 2
8708 1
8709 1
8710 1
8711 1
8712 1
8713 2
8714 1
8715 1
8716 2
8717 1
8718 2
8719 2
8720 1
8721 2
8722 2
8723 2
8724 1
8725 1
8726 1
8727 1
8728 1
8729 1
8730 1
8731 1
8732 2
8733 2
8734 2
8735 2
8736 1
8737 1
8738 1
8739 1
8740 1
8741 2
8742 1
8743 2
8744 2
8745 1
8746 1
8747 1
8748 2
8749 1
8750 1
8751 1
8752 1
8753 1
8754 1
8755 2
8756 2
8757 2
8758 1
8759 2
8760 1
8761 1
8762 2
8763 1
8764 2
8765 2
8766 2
8767 2
8768 1
8769 1 2
8770 2
8771 1
8772 1
8773 1
8774 1
8775 2
8776 2
8777 1
8778 2
8779 1
8780 1
8781 2
8782 1
8783 1
8784 1
8785 2
8786 2
8787 2
8788 2
8789 2
8790 1
8791 2
8792 1
8793 1
8794 2
8795 2
8796 1
8797 1
8798 2
8799 1
8800 1
8801 1
8802 2
8803 2
8804 1
8805 2
8806 1
8807 2
8808 2
8809 2
8810 1
8811 2
8812 2
8813 1
8814 1
8815 2
8816 2
8817 2
8818 1
8819 2
8820 1
8821 1
8822 1
8823 1
8824 2
8825 2
8826 1
8827 1
8828 2
8829 2
8830 1
8831 1
8832 1
8833 1
8834 1
8835 2
8836 2
8837 2
8838 2
8839 2
8840 1
8841 2
8842 2
8843 1
8844 2
8845 2
8846 1
8847 2
8848 2
8849 1
8850 2
8851 2
8852 2
8853 2
8854 2
8855 1
8856 1
8857 2
8858 1
8859 1
8860 2
8861 1
8862 2
8863 2
8864 2
8865 1
8866 2
8867 2
8868 1
8869 2
8870 1
8871 2
8872 2
8873 2
8874 2
8875 1
8876 1
8877 1
8878 1
8879 2
8880 2
8881 1
8882 2
8883 1
8884 1
8885 1
8886 2
8887 2
8888 1
8889 1
8890 2
8891 1
8892 1
8893 1 2
8894 1
8895 2
8896 1
8897 1
8898 1
8899 2
8900 2
8901 1
8902 1
8903 1
8904 1
8905 2
8906 2
8907 1
8908 2
8909 2
8910 2
8911 2
8912 1
8913 2
8914 2
8915 1
8916 1
8917 1
8918 2
8919 1
8920 2
8921 2
8922 2
8923 2
8924 2
8925 2
8926 2
8927 2
8928 2
8929 2
8930 2
8931 1
8932 2
8933 1
8934 2
8935 1
8936 2
8937 1
8938 1
8939 2
8940 1
8941 1
8942 1
8943 1
8944 1
8945 1
8946 1
8947 1
8948 1
8949 1
8950 2
8951 1
8952 2
8953 1
8954 2
8955 1
8956 2
8957 1
8958 1
8959 1
8960 2
8961 2
8962 2
8963 2
8964 2
8965 1
8966 1
8967 2
8968 2
8969 2
8970 1
8971 2
8972 2
8973 2
8974 2
8975 2
8976 1
8977 1
8978 2
8979 2
8980 1
8981 2
8982 2
8983 1
8984 1
8985 1
8986 1
8987 2
8988 1
8989 1
8990 2
8991 2
8992 2
8993 1
8994 1
8995 1
8996 1
8997 2
8998 2
8999 2
9000 2
9001 1 2
9002 2
9003 1
9004 2
9005 1
9006 1
9007 1
9008 2
9009 2
9010 2
9011 2
9012 2
9013 2
9014 1
9015 2
9016 2
9017 2
9018 1
9019 1
9020 1
9021 1
9022 1
9023 2
9024 1
9025 1
9026 2
9027 1
9028 2
9029 1
9030 1
9031 1
9032 1
9033 1
9034 1
9035 1
9036 1
9037 2
9038 2
9039 2
9040 2
9041 2
9042 1
9043 2
9044 1
9045 2
9046 2
9047 1
9048 2
9049 2
9050 2
9051 1
9052 2
9053 2
9054 2
9055 2
9056 1
9057 2
9058 2
9059 1
9060 1
9061 1
9062 1
9063 1
9064 1
9065 1
9066 2
9067 2
9068 2
9069 1
9070 2
9071 1
9072 1
9073 1
9074 1
9075 1
9076 1
9077 1
9078 1
9079 1
9080 1
9081 1
9082 1
9083 1
9084 1
9085 2
9086 1
9087 2
9088 1
9089 2
9090 1
9091 1
9092 1
9093 2
9094 2
9095 2
9096 2
9097 1
9098 2
9099 1
9100 1
9101 1
9102 1
9103 1
9104 1
9105 1
9106 2
9107 1
9108 1
9109 1
9110 1
9111 1
9112 1
9113 2
9114 2
9115 1
9116 1
9117 1
9118 1
9119 1
9120 2
9121 1
9122 1
9123 1
9124 1
9125 2
9126 1
9127 1
9128 1
9129 2
9130 2
9131 1
9132 2
9133 2
9134 1
9135 1
9136 1
9137 1
9138 2
9139 1
9140 1
9141 1
9142 1
9143 2
9144 1
9145 1
9146 2
9147 2
9148 1
9149 1
9150 1
9151 1
9152 1
9153 2
9154 2
9155 1
9156 1
9157 1
9158 1
9159 1
9160 1
9161 2
9162 1
9163 1
9164 2
9165 1
9166 1
9167 1
9168 1
9169 1
9170 1
9171 1 2
9172 1 2
9173 1
9174 2
9175 1
9176 2
9177 2
9178 1
9179 1
9180 2
9181 2
9182 1
9183 1
9184 2
9185 2
9186 1
9187 1
9188 1
9189 1
9190 2
9191 2
9192 1
9193 1
9194 1
9195 1
9196 2
9197 1
9198 1
9199 2
9200 1
9201 2
9202 2
9203 2
9204 2
9205 1
9206 1
9207 1
9208 1
9209 1
9210 1
9211 1
9212 1
9213 1
9214 2
9215 1
9216 2
9217 1
9218 2
9219 2
9220 1
9221 2
9222 2
9223 1
9224 1
9225 2
9226 1
9227 1
9228 1
9229 1
9230 1
9231 1
9232 2
9233 1
9234 1
9235 1
9236 1
9237 1
9238 2
9239 1
9240 2
9241 2
9242 2
9243 2
9244 2
9245 2
9246 1
9247 1
9248 2
9249 2
9250 2
9251 2
9252 2
9253 2
9254 2
9255 2
9256 2
9257 2
9258 1
9259 2
9260 1
9261 2
9262 2
9263 2
9264 1
9265 1
9266 1
9267 1
9268 2
9269 2
9270 1
9271 2
9272 1
9273 1
9274 1
9275 1
9276 1
9277 1
9278 1
9279 2
9280 2
9281 2
9282 2
9283 2
9284 2
9285 2
9286 2
9287 2
9288 2
9289 2
9290 2
9291 1
9292 1
9293 1
9294 1
9295 2
9296 1
9297 1
9298 1
9299 1
9300 1
9301 2
9302 1
9303 2
9304 1
9305 1
9306 2
9307 1
9308 2
9309 2
9310 2
9311 2
9312 1
9313 1
9314 1
9315 1
9316 2
9317 2
9318 2
9319 1
9320 2
9321 1
9322 1
9323 2
9324 2
9325 1
9326 1
9327 2
9328 2
9329 1
9330 2
9331 1
9332 1
9333 1
9334 1
9335 1
9336 1
9337 1
9338 1
9339 1
9340 2
9341 2
9342 1
9343 1
9344 1
9345 1
9346 2
9347 2
9348 2
9349 1
9350 2
9351 2
9352 2
9353 1
9354 2
9355 2
9356 1
9357 2
9358 2
9359 1
9360 1
9361 2
9362 2
9363 1
9364 1
9365 1
9366 1
9367 1
9368 2
9369 1
9370 2
9371 1
9372 1
9373 2
9374 1
9375 1
9376 2
9377 2
9378 2
9379 2
9380 1
9381 1
9382 2
9383 1
9384 2
9385 2
9386 2
9387 1
9388 1
9389 1
9390 1
9391 1
9392 1
9393 1
9394 1
9395 2
9396 1
9397 1
9398 1 2
9399 2
9400 2
9401 1
9402 1
9403 1
9404 1
9405 2
9406 2
9407 2
9408 2
9409 2
9410 1
9411 2
9412 2
9413 2
9414 2
9415 1
9416 2
9417 2
9418 1
9419 2
9420 1
9421 1
9422 1
9423 2
9424 1
9425 1
9426 1
9427 1
9428 2
9429 1
9430 1
9431 1
9432 2
9433 2
9434 1
9435 1
9436 2
9437 1
9438 1
9439 1
9440 1
9441 1
9442 1
9443 2
9444 1
9445 1
9446 2
9447 2
9448 1
9449 1
9450 2
9451 1 2
9452 2
9453 1
9454 2
9455 2
9456 2
9457 2
9458 2
9459 1
9460 2
9461 1
9462 2
9463 2
9464 2
9465 1
9466 1
9467 1
9468 2
9469 1
9470 2
9471 2
9472 1
9473 1
9474 1 2
9475 1
9476 2
9477 2
9478 1
9479 1
9480 2
9481 2
9482 2
9483 2
9484 2
9485 2
9486 2
9487 1
9488 1
9489 2
9490 1
9491 1
9492 1
9493 1
9494 1
9495 2
9496 1
9497 1
9498 2
9499 1
9500 1
9501 1
9502 1
9503 2
9504 2
9505 2
9506 2
9507 2
9508 1
9509 1
9510 1
9511 2
9512 2
9513 2
9514 2
9515 1
9516 1
9517 1
9518 1
9519 2
9520 1
9521 2
9522 1
9523 1
9524 1
9525 1
9526 1
9527 2
9528 1
9529 1
9530 1
9531 1
9532 2
9533 1
9534 1
9535 1
9536 2
9537 1
9538 1
9539 2
9540 1
9541 1
9542 1
9543 2
9544 1
9545 2
9546 1
9547 1
9548 1
9549 1
9550 1
9551 1
9552 1
9553 1
9554 1
9555 2
9556 2
9557 2
9558 1
9559 2
9560 2
9561 1
9562 1
9563 1
9564 2
9565 1
9566 2
9567 1
9568 2
9569 1
9570 2
9571 1
9572 1
9573 1
9574 1
9575 1
9576 1
9577 1
9578 1
9579 1
9580 1
9581 1
9582 1
9583 1
9584 1
9585 1
9586 1
9587 1
9588 1
9589 2
9590 1
9591 2
9592 1
9593 2
9594 1
9595 1
9596 1
9597 1
9598 1
9599 1
9600 1
9601 1
9602 1
9603 1
9604 1
9605 2
9606 2
9607 1
9608 1
9609 2
9610 2
9611 1
9612 1
9613 1
9614 2
9615 2
9616 1
9617 1
9618 2
9619 2
9620 2
9621 1
9622 1
9623 1
9624 1
9625 1
9626 2
9627 2
9628 2
9629 1
9630 1
9631 1
9632 2
9633 1
9634 2
9635 2
9636 1
9637 1
9638 2
9639 1
9640 2
9641 1
9642 1
9643 1
9644 2
9645 1
9646 1
9647 1
9648 1
9649 1
9650 1
9651 1
9652 2
9653 2
9654 1
9655 1
9656 1
9657 1
9658 1
9659 1
9660 1
9661 1
9662 2
9663 2
9664 1
9665 1
9666 1
9667 1
9668 2
9669 2
9670 2
9671 2
9672 2
9673 2
9674 1
9675 1
9676 1
9677 1
9678 1
9679 2
9680 1
9681 1
9682 2
9683 2
9684 1
9685 2
9686 2
9687 2
9688 1
9689 1
9690 2
9691 1
9692 1
9693 1
9694 1
9695 1
9696 1
9697 2
9698 1
9699 1
9700 2
9701 2
9702 1
9703 1
9704 2
9705 2
9706 1
9707 1
9708 1
9709 1
9710 2
9711 2
9712 1
9713 1
9714 2
9715 1
9716 2
9717 1
9718 1
9719 1
9720 1
9721 1
9722 1
9723 1
9724 1
9725 2
9726 2
9727 2
9728 1
9729 1
9730 1
9731 2
9732 2
9733 1
9734 2
9735 1
9736 1
9737 1
9738 1
9739 1
9740 1
9741 2
9742 2
9743 2
9744 2
9745 2
9746 2
9747 2
9748 2
9749 1
9750 1
9751 2
9752 2
9753 2
9754 1
9755 1
9756 1
9757 1
9758 1
9759 2
9760 2
9761 1
9762 1
9763 1
9764 1
9765 1
9766 1
9767 1
9768 1
9769 2
9770 1
9771 1
9772 1
9773 1
9774 2
9775 1
9776 2
9777 1
9778 1
9779 2
9780 2
9781 2
9782 1
9783 2
9784 1
9785 2
9786 2
9787 2
9788 1
9789 1
9790 1
9791 1
9792 1
9793 1
9794 1
9795 1
9796 1
9797 2
9798 2
9799 1
9800 1
9801 2
9802 1
9803 1
9804 2
9805 2
9806 1
9807 1
9808 2
9809 2
9810 1
9811 1
9812 1
9813 2
9814 2
9815 2
9816 1
9817 2
9818 1
9819 1
9820 2
9821 2
9822 2
9823 2
9824 2
9825 2
9826 2
9827 2
9828 2
9829 2
9830 2
9831 2
9832 1
9833 1
9834 1
9835 1
9836 1
9837 1
9838 2
9839 1
9840 2
9841 2
9842 2
9843 2
9844 2
9845 2
9846 1
9847 1
9848 2
9849 2
9850 2
9851 2
9852 2
9853 1
9854 2
9855 2
9856 2
9857 2
9858 2
9859 2
9860 2
9861 2
9862 1
9863 2
9864 2
9865 2
9866 2
9867 1
9868 1
9869 2
9870 1 2
9871 1
9872 1 2
9873 1
9874 1
9875 1
9876 1
9877 1
9878 1
9879 2
9880 1
9881 2
9882 1
9883 1
9884 1
9885 1
9886 1
9887 1 2
9888 1
9889 2
9890 2
9891 2
9892 2
9893 2
9894 2
9895 2
9896 1
9897 1
9898 1
9899 1
9900 2
9901 2
9902 2
9903 1
9904 2
9905 2
9906 1
9907 1 2
9908 2
9909 2
9910 2
9911 1
9912 1
9913 1
9914 1
9915 2
9916 2
9917 2
9918 1
9919 1
9920 1
9921 2
9922 2
9923 1
9924 1
9925 1
9926 1
9927 1
9928 1
9929 2
9930 2
9931 1
9932 1
9933 1
9934 1
9935 1
9936 1
9937 1
9938 1
9939 2
9940 2
9941 2
9942 2
9943 1
9944 1
9945 2
9946 2
9947 2
9948 2
9949 1
9950 2
9951 2
9952 1
9953 2
9954 1
9955 2
9956 1
9957 1
9958 2
9959 2
9960 1
9961 1
9962 1
9963 1
9964 1
9965 2
9966 2
9967 2
9968 2
9969 1
9970 2
9971 2
9972 2
9973 2
9974 1
9975 1
9976 2
9977 2
9978 2
9979 2
9980 1
9981 1
9982 2
9983 2
9984 1
9985 1
9986 2
9987 1
9988 1
9989 2
9990 1
9991 2
9992 1
9993 1
9994 2
9995 1
9996 2
9997 2
9998 2
9999 1
10000 1
10001 1
10002 1
10003 1
10004 1
10005 2
10006 1
10007 1
10008 2
10009 2
10010 2
10011 2
10012 2
10013 1
10014 1
10015 1
10016 2
10017 2
10018 2
10019 1
10020 1
10021 1
10022 1
10023 1
10024 1
10025 1
10026 1
10027 2
10028 2
10029 1
10030 1
10031 2
10032 2
10033 2
10034 2
10035 2
10036 1
10037 1
10038 1
10039 1
10040 1
10041 2
10042 1
10043 2
10044 2
10045 1
10046 2
10047 1
10048 1
10049 1
10050 1
10051 1
10052 1
10053 1
10054 2
10055 2
10056 2
10057 1
10058 2
10059 2
10060 1
10061 1
10062 1
10063 2
10064 1
10065 1
10066 1
10067 1
10068 1
10069 1
10070 1
10071 1
10072 2
10073 2
10074 1
10075 1
10076 1
10077 1
10078 1
10079 2
10080 1
10081 2
10082 2
10083 2
10084 2
10085 2
10086 2
10087 1
10088 2
10089 2
10090 2
10091 1
10092 1
10093 1
10094 1
10095 1
10096 2
10097 1
10098 2
10099 2
10100 2
10101 1
10102 2
10103 1
10104 2
10105 1
10106 1
10107 1
10108 2
10109 2
10110 1
10111 1
10112 2
10113 1
10114 1
10115 2
10116 2
10117 1
10118 2
10119 1
10120 2
10121 1
10122 1
10123 2
10124 2
10125 2
10126 2
10127 1
10128 1
10129 1
10130 2
10131 1
10132 1
10133 2
10134 2
10135 2
10136 1
10137 1
10138 2
10139 2
10140 1
10141 1
10142 1
10143 1
10144 1
10145 1
10146 2
10147 2
10148 2
10149 2
10150 1
10151 2
10152 2
10153 2
10154 2
10155 2
10156 2
10157 1
10158 1
10159 2
10160 1
10161 1
10162 1
10163 1
10164 1
10165 2
10166 2
10167 2
10168 2
10169 2
10170 2
10171 2
10172 2
10173 2
10174 1
10175 2
10176 1
10177 1
10178 2
10179 2
10180 2
10181 2
10182 2
10183 1
10184 2
10185 2
10186 1
10187 1
10188 2
10189 2
10190 2
10191 2
10192 2
10193 2
10194 2
10195 1
10196 2
10197 2
10198 1
10199 1
10200 2
10201 2
10202 2
10203 1
10204 1
10205 1
10206 1
10207 1
10208 1
10209 1
10210 1
10211 2
10212 1
10213 1
10214 1
10215 2
10216 2
10217 2
10218 1
10219 1
10220 1
10221 2
10222 1
10223 2
10224 1
10225 1
10226 1
10227 2
10228 2
10229 2
10230 2
10231 2
10232 1
10233 1
10234 1
10235 1
10236 2
10237 1
10238 1
10239 2
10240 1
10241 1
10242 1
10243 1
10244 1
10245 2
10246 2
10247 1
10248 1
10249 1
10250 2
10251 1
10252 1
10253 1
10254 1
10255 1
10256 1
10257 2
10258 1
10259 2
10260 2
10261 2
10262 2
10263 1
10264 2
10265 1
10266 1
10267 2
10268 2
10269 2
10270 1
10271 2
10272 1
10273 1
10274 1
10275 1
10276 1
10277 1
10278 2
10279 1
10280 1
10281 1
10282 2
10283 1
10284 1
10285 2
10286 2
10287 2
10288 1
10289 1
10290 1
10291 1 2
10292 2
10293 2
10294 2
10295 2
10296 2
10297 1
10298 1
10299 1
10300 2
10301 2
10302 1
10303 2
10304 2
10305 2
10306 2
10307 1
10308 1
10309 1
10310 2
10311 2
10312 2
10313 2
10314 2
10315 2
10316 1
10317 2
10318 2
10319 2
10320 2
10321 2
10322 2
10323 1
10324 1
10325 2
10326 2
10327 1
10328 1
10329 2
10330 2
10331 2
10332 1
10333 1
10334 2
10335 1
10336 1
10337 1 2
10338 2
10339 1
10340 2
10341 2
10342 2
10343 2
10344 2
10345 2
10346 2
10347 1
10348 1
10349 1
10350 1
10351 1
10352 1
10353 2
10354 1
10355 1
10356 1
10357 1
10358 2
10359 2
10360 2
10361 2
10362 2
10363 2
10364 2
10365 1
10366 2
10367 2
10368 1
10369 1
10370 1
10371 2
10372 2
10373 2
10374 1
10375 2
10376 1
10377 1
10378 1
10379 2
10380 2
10381 2
10382 2
10383 2
10384 2
10385 1
10386 1
10387 2
10388 2
10389 1
10390 2
10391 2
10392 2
10393 1
10394 2
10395 1
10396 2
10397 2
10398 2
10399 1
10400 2
10401 2
10402 2
10403 2
10404 1
10405 1
10406 1
10407 1
10408 2
10409 2
10410 1
10411 1
10412 2
10413 2
10414 2
10415 1
10416 1
10417 1
10418 1
10419 2
10420 2
10421 1 2
10422 1
10423 2
10424 2
10425 1
10426 2
10427 2
10428 1
10429 2
10430 1
10431 1
10432 1
10433 1
10434 1
10435 1
10436 2
10437 2
10438 2
10439 1
10440 1
10441 1
10442 1
10443 2
10444 2
10445 1
10446 2
10447 1
10448 2
10449 2
10450 2
10451 1
10452 1
10453 1
10454 2
10455 2
10456 2
10457 1
10458 1
10459 2
10460 1
10461 1
10462 2
10463 1
10464 2
10465 2
10466 2
10467 2
10468 2
10469 2
10470 2
10471 2
10472 2
10473 2
10474 1
10475 1
10476 2
10477 2
10478 2
10479 2
10480 1
10481 1
10482 1
10483 2
10484 2
10485 2
10486 2
10487 1
10488 1
10489 2
10490 1
10491 1
10492 2
10493 1
10494 2
10495 1
10496 2
10497 2
10498 2
10499 2
10500 2
10501 2
10502 1
10503 2
10504 1
10505 1
10506 2
10507 2
10508 1
10509 1
10510 1
10511 1
10512 2
10513 2
10514 2
10515 2
10516 2
10517 1
10518 2
10519 1
10520 2
10521 2
10522 1
10523 2
10524 1
10525 1
10526 1 2
10527 1
10528 1
10529 2
10530 2
10531 1
10532 2
10533 2
10534 1
10535 1
10536 2
10537 2
10538 1
10539 1
10540 1
10541 2
10542 1
10543 1
10544 1
10545 1
10546 2
10547 1
10548 2
10549 2
10550 2
10551 1
10552 2
10553 2
10554 1
10555 2
10556 2
10557 2
10558 2
10559 2
10560 1
10561 2
10562 2
10563 2
10564 2
10565 2
10566 2
10567 1
10568 1
10569 2
10570 2
10571 2
10572 1
10573 2
10574 2
10575 2
10576 2
10577 2
10578 2
10579 2
10580 2
10581 2
10582 1
10583 1
10584 2
10585 1
10586 2
10587 1
10588 2
10589 1
10590 1
10591 1
10592 2
10593 2
10594 1
10595 1
10596 1
10597 1
10598 2
10599 1
10600 2
10601 2
10602 2
10603 2
10604 2
10605 2
10606 2
10607 1
10608 1
10609 1
10610 1
10611 2
10612 1
10613 1
10614 2
10615 2
10616 1
10617 2
10618 1
10619 2
10620 1
10621 2
10622 2
10623 1
10624 2
10625 1
10626 2
10627 2
10628 2
10629 2
10630 1
10631 1
10632 2
10633 1
10634 1
10635 2
10636 1
10637 1
10638 2
10639 2
10640 1
10641 1
10642 2
10643 2
10644 1
10645 2
10646 2
10647 2
10648 2
10649 1
10650 2
10651 2
10652 2
10653 1
10654 2
10655 2
10656 1
10657 1
10658 1
10659 2
10660 2
10661 2
10662 1
10663 2
10664 1
10665 1
10666 2
10667 2
10668 2
10669 2
10670 2
10671 2
10672 1
10673 1
10674 1
10675 1
10676 1
10677 2
10678 2
10679 2
10680 2
10681 2
10682 2
10683 2
10684 2
10685 2
10686 1
10687 1
10688 1
10689 2
10690 2
10691 1
10692 1
10693 1
10694 1
10695 1
10696 1
10697 1
10698 1
10699 1
10700 1
10701 1
10702 1
10703 1
10704 1
10705 1
10706 2
10707 2
10708 1
10709 2
10710 2
10711 2
10712 2
10713 2
10714 2
10715 2
10716 2
10717 2
10718 2
10719 1
10720 1
10721 2
10722 1
10723 1
10724 2
10725 1
10726 1
10727 1
10728 2
10729 2
10730 2
10731 2
10732 1
10733 2
10734 2
10735 2
10736 2
10737 1
10738 1
10739 2
10740 2
10741 1
10742 1
10743 1
10744 1
10745 2
10746 1
10747 1
10748 1
10749 1
10750 2
10751 1
10752 1
10753 1
10754 1
10755 1
10756 1
10757 1
10758 2
10759 2
10760 2
10761 2
10762 1
10763 1
10764 1
10765 1
10766 1
10767 1
10768 1
10769 1
10770 2
10771 2
10772 1
10773 2
10774 2
10775 1
10776 1
10777 1
10778 1
10779 2
10780 1
10781 1
10782 1
10783 2
10784 1
10785 1
10786 1
10787 1
10788 1
10789 1
10790 1
10791 1 2
10792 1
10793 1
10794 1
10795 2
10796 1
10797 2
10798 2
10799 2
10800 2
10801 2
10802 2
10803 1
10804 1
10805 1
10806 2
10807 2
10808 1
10809 1
10810 1
10811 1
10812 2
10813 1
10814 1
10815 1
10816 1
10817 2
10818 2
10819 2
10820 1
10821 1
10822 2
10823 2
10824 2
10825 2
10826 2
10827 2
10828 2
10829 2
10830 1
10831 1
10832 1
10833 1
10834 1
10835 1
10836 1
10837 1
10838 1
10839 2
10840 1
10841 2
10842 2
10843 2
10844 2
10845 2
10846 1
10847 2
10848 2
10849 1
10850 2
10851 2
10852 2
10853 1
10854 2
10855 1
10856 2
10857 2
10858 2
10859 1
10860 1
10861 1
10862 1
10863 2
10864 2
10865 1
10866 1
10867 1
10868 1
10869 1
10870 1
10871 2
10872 1
10873 2
10874 2
10875 2
10876 1
10877 2
10878 2
10879 1
10880 1
10881 1
10882 1
10883 2
10884 2
10885 1
10886 1
10887 1
10888 1
10889 1
10890 2
10891 1
10892 1
10893 1
10894 1
10895 2
10896 2
10897 2
10898 2
10899 2
10900 1
10901 1
10902 1
10903 1
10904 2
10905 2
10906 1
10907 2
10908 2
10909 2
10910 2
10911 2
10912 2
10913 2
10914 2
10915 1
10916 1
10917 1
10918 1
10919 2
10920 2
10921 2
10922 2
10923 2
10924 2
10925 1
10926 2
10927 2
10928 2
10929 1
10930 2
10931 1
10932 2
10933 1
10934 2
10935 1
10936 1
10937 1
10938 1
10939 1
10940 1
10941 2
10942 1
10943 2
10944 2
10945 2
10946 2
10947 2
10948 2
10949 1
10950 1
10951 1
10952 2
10953 1
10954 2
10955 1
10956 2
10957 2
10958 1
10959 2
10960 1
10961 1
10962 1
10963 1
10964 1
10965 1
10966 2
10967 2
10968 2
10969 2
10970 2
10971 2
10972 2
10973 1
10974 1
10975 2
10976 1
10977 1
10978 1
10979 1
10980 1
10981 1
10982 2
10983 2
10984 1
10985 1
10986 1
10987 2
10988 2
10989 1
10990 1
10991 1
10992 2
10993 1
10994 1
10995 1
10996 2
10997 1
10998 2
10999 2
11000 1
11001 1
11002 1
11003 1
11004 1
11005 2
11006 2
11007 2
11008 2
11009 2
11010 1
11011 2
11012 1
11013 1
11014 2
11015 2
11016 2
11017 2
11018 1
11019 1
11020 1
11021 2
11022 2
11023 2
11024 2
11025 2
11026 1
11027 2
11028 2
11029 2
11030 1
11031 2
11032 2
11033 2
11034 2
11035 2
11036 1
11037 2
11038 2
11039 2
11040 2
11041 2
11042 2
11043 2
11044 2
11045 1
11046 2
11047 2
11048 1
11049 1
11050 1
11051 2
11052 1
11053 2
11054 2
11055 2
11056 1
11057 2
11058 2
11059 2
11060 2
11061 1
11062 2
11063 2
11064 1
11065 1
11066 1
11067 1
11068 2
11069 1
11070 1
11071 1
11072 1
11073 1
11074 1
11075 1
11076 2
11077 2
11078 2
11079 2
11080 1
11081 1
11082 1
11083 1
11084 1
11085 1
11086 1
11087 1
11088 2
11089 2
11090 2
11091 2
11092 2
11093 2
11094 1
11095 1
11096 2
11097 2
11098 2
11099 1
11100 2
11101 1
11102 2
11103 2
11104 2
11105 1
11106 1
11107 2
11108 1
11109 1
11110 1
11111 1
11112 1
11113 1
11114 2
11115 1
11116 2
11117 1
11118 1
11119 1
11120 1
11121 1
11122 1
11123 1
11124 1
11125 1
11126 2
11127 1
11128 2
11129 1
11130 1
11131 1
11132 2
11133 2
11134 1
11135 1
11136 1
11137 2
11138 1
11139 1
11140 1
11141 2
11142 1
11143 1
11144 1
11145 1
11146 2
11147 2
11148 1
11149 1
11150 2
11151 2
11152 2
11153 2
11154 2
11155 1
11156 1
11157 2
11158 1
11159 2
11160 1
11161 2
11162 2
11163 2
11164 2
11165 1
11166 1
11167 1
11168 2
11169 1
11170 2
11171 1
11172 1
11173 1
11174 1
11175 1
11176 1
11177 2
11178 2
11179 1
11180 1
11181 1
11182 2
11183 2
11184 2
11185 1
11186 1
11187 1
11188 2
11189 2
11190 1
11191 1
11192 1
11193 1
11194 1
11195 1
11196 1
11197 1
11198 1
11199 2
11200 2
11201 2
11202 2
11203 1
11204 1
11205 2
11206 2
11207 2
11208 1
11209 2
11210 2
11211 2
11212 1
11213 1
11214 2
11215 2
11216 2
11217 2
11218 2
11219 2
11220 2
11221 1
11222 2
11223 1
11224 2
11225 2
11226 1
11227 2
11228 1
11229 2
11230 2
11231 1
11232 1
11233 2
11234 1
11235 2
11236 1
11237 1
11238 2
11239 2
11240 2
11241 1
11242 1
11243 1
11244 1
11245 1
11246 1
11247 1
11248 1
11249 1
11250 1
11251 1
11252 1
11253 2
11254 1
11255 2
11256 1
11257 1
11258 1
11259 1
11260 1
11261 1
11262 2
11263 2
11264 2
11265 2
11266 2
11267 2
11268 1
11269 1
11270 1
11271 1
11272 1
11273 2
11274 2
11275 1
11276 2
11277 2
11278 1
11279 1
11280 1
11281 2
11282 2
11283 2
11284 1
11285 1
11286 2
11287 2
11288 2
11289 2
11290 2
11291 2
11292 2
11293 1
11294 2
11295 2
11296 2
11297 2
11298 1
11299 2
11300 1
11301 2
11302 2
11303 1
11304 1
11305 2
11306 1
11307 1
11308 1
11309 1
11310 1
11311 1
11312 1
11313 1
11314 2
11315 2
11316 1
11317 1
11318 1
11319 1
11320 1
11321 1
11322 1
11323 1
11324 1
11325 1
11326 2
11327 2
11328 2
11329 2
11330 1
11331 2
11332 1
11333 1
11334 1
11335 1
11336 1
11337 1
11338 1
11339 1
11340 1
11341 2
11342 2
11343 2
11344 2
11345 2
11346 2
11347 2
11348 1
11349 2
11350 2
11351 2
11352 1
11353 2
11354 2
11355 1
11356 1
11357 2
11358 1
11359 1
11360 1
11361 2
11362 1
11363 2
11364 2
11365 2
11366 2
11367 1
11368 2
11369 1
11370 1
11371 1
11372 1
11373 2
11374 1
11375 1
11376 1
11377 1
11378 2
11379 1
11380 1
11381 1
11382 2
11383 2
11384 2
11385 1
11386 1
11387 1
11388 2
11389 2
11390 2
11391 2
11392 1
11393 2
11394 2
11395 1
11396 2
11397 1
11398 1
11399 1
11400 1
11401 2
11402 2
11403 2
11404 1
11405 1
11406 2
11407 1
11408 2
11409 2
11410 1
11411 2
11412 2
11413 2
11414 1
11415 1
11416 2
11417 2
11418 1
11419 1
11420 1
11421 1
11422 1
11423 1
11424 2
11425 2
11426 2
11427 2
11428 2
11429 1
11430 2
11431 2
11432 2
11433 1
11434 1
11435 1
11436 1
11437 2
11438 1
11439 2
11440 2
11441 1
11442 2
11443 1
11444 1
11445 1
11446 2
11447 1
11448 2
11449 2
11450 2
11451 2
11452 2
11453 2
11454 1
11455 2
11456 2
11457 2
11458 2
11459 2
11460 1
11461 1
11462 1
11463 2
11464 2
11465 2
11466 2
11467 2
11468 1
11469 1
11470 1
11471 1
11472 2
11473 2
11474 1
11475 2
11476 2
11477 1
11478 2
11479 1
11480 2
11481 1
11482 1
11483 1
11484 1
11485 1
11486 2
11487 1
11488 2
11489 1
11490 2
11491 2
11492 1
11493 1
11494 1
11495 2
11496 2
11497 2
11498 1
11499 1
11500 1
11501 2
11502 2
11503 2
11504 2
11505 2
11506 2
11507 1
11508 1
11509 1
11510 1
11511 1
11512 1
11513 1
11514 1
11515 2
11516 2
11517 1
11518 1 2
11519 1
11520 2
11521 1
11522 1
11523 2
11524 2
11525 1
11526 2
11527 2
11528 2
11529 2
11530 2
11531 1
11532 1
11533 1
11534 1
11535 1
11536 1
11537 1
11538 2
11539 2
11540 1
11541 1
11542 2
11543 1
11544 2
11545 2
11546 1
11547 2
11548 2
11549 2
11550 2
11551 2
11552 2
11553 2
11554 2
11555 2
11556 2
11557 2
11558 2
11559 1
11560 1
11561 2
11562 2
11563 1
11564 1
11565 2
11566 1
11567 2
11568 1
11569 2
11570 2
11571 2
11572 1
11573 2
11574 1
11575 1
11576 1
11577 1
11578 1
11579 1
11580 1
11581 1
11582 2
11583 2
11584 1
11585 1
11586 1
11587 2
11588 1
11589 1
11590 1
11591 1
11592 1
11593 1
11594 1
11595 1
11596 1
11597 1
11598 1
11599 1
11600 2
11601 2
11602 1
11603 1
11604 1
11605 1
11606 2
11607 1
11608 1
11609 2
11610 2
11611 1
11612 1
11613 1
11614 2
11615 2
11616 2
11617 2
11618 1
11619 1
11620 1
11621 1
11622 1
11623 2
11624 1
11625 1
11626 1
11627 1
11628 1
11629 2
11630 2
11631 1
11632 1
11633 1
11634 1
11635 1
11636 1
11637 1
11638 2
11639 1
11640 2
11641 2
11642 2
11643 2
11644 2
11645 2
11646 2
11647 2
11648 2
11649 1
11650 2
11651 2
11652 2
11653 1
11654 2
11655 2
11656 1
11657 2
11658 2
11659 2
11660 1
11661 2
11662 1
11663 1
11664 2
11665 2
11666 1
11667 2
11668 2
11669 2
11670 1
11671 2
11672 1
11673 1
11674 2
11675 2
11676 2
11677 1
11678 1
11679 2
11680 2
11681 2
11682 2
11683 1
11684 2
11685 2
11686 1
11687 1
11688 2
11689 1
11690 2
11691 1
11692 1
11693 2
11694 1
11695 2
11696 1
11697 1
11698 2
11699 1
11700 2
11701 1
11702 1
11703 1
11704 1
11705 1
11706 2
11707 2
11708 1
11709 1
11710 1
11711 1
11712 2
11713 2
11714 1
11715 1
11716 1
11717 1
11718 1
11719 2
11720 1
11721 2
11722 1
11723 2
11724 2
11725 1
11726 1
11727 1
11728 1
11729 1
11730 1
11731 1
11732 2
11733 2
11734 2
11735 2
11736 2
11737 2
11738 2
11739 1
11740 2
11741 2
11742 1
11743 1
11744 2
11745 2
11746 1
11747 1
11748 1
11749 2
11750 2
11751 2
11752 1
11753 2
11754 2
11755 1
11756 1
11757 1
11758 2
11759 1
11760 1
11761 2
11762 2
11763 1
11764 1
11765 1
11766 2
11767 2
11768 2
11769 2
11770 2
11771 2
11772 2
11773 2
11774 2
11775 2
11776 2
11777 2
11778 2
11779 1
11780 1
11781 1
11782 1
11783 2
11784 2
11785 2
11786 2
11787 1
11788 1
11789 1
11790 1
11791 1
11792 1
11793 1
11794 1
11795 2
11796 2
11797 2
11798 1
11799 1
11800 1
11801 1
11802 2
11803 2
11804 1
11805 2
11806 2
11807 2
11808 2
11809 1
11810 2
11811 2
11812 2
11813 2
11814 2
11815 1
11816 1
11817 1
11818 2
11819 1
11820 1
11821 1
11822 1
11823 2
11824 1
11825 1
11826 1
11827 2
11828 2
11829 1
11830 1
11831 2
11832 2
11833 1
11834 1
11835 1
11836 1
11837 2
11838 1
11839 2
11840 2
11841 2
11842 1
11843 1
11844 1
11845 2
11846 1
11847 2
11848 1
11849 1 2
11850 2
11851 2
11852 2
11853 1
11854 1
11855 1
11856 1
11857 1
11858 2
11859 1
11860 2
11861 1
11862 1
11863 1
11864 1
11865 1
11866 1
11867 1
11868 1
11869 1
11870 1
11871 1
11872 2
11873 1
11874 1
11875 1
11876 1
11877 1
11878 2
11879 1
11880 2
11881 2
11882 1
11883 1
11884 2
11885 1
11886 1
11887 1
11888 1
11889 2
11890 2
11891 2
11892 1
11893 1
11894 1
11895 2
11896 2
11897 1
11898 1
11899 2
11900 2
11901 1
11902 1
11903 1
11904 1
11905 1
11906 1
11907 2
11908 2
11909 2
11910 2
11911 1
11912 2
11913 1
11914 2
11915 2
11916 2
11917 1
11918 1
11919 1
11920 2
11921 1
11922 1
11923 1
11924 1
11925 1
11926 2
11927 2
11928 2
11929 2
11930 2
11931 2
11932 2
11933 2
11934 2
11935 2
11936 2
11937 2
11938 2
11939 2
11940 2
11941 2
11942 2
11943 2
11944 2
11945 1
11946 2
11947 2
11948 2
11949 2
11950 1
11951 2
11952 1
11953 1
11954 2
11955 2
11956 1
11957 2
11958 2
11959 1
11960 1
11961 1
11962 1
11963 1
11964 1
11965 1
11966 2
11967 2
11968 2
11969 1
11970 1
11971 2
11972 1
11973 1
11974 1
11975 2
11976 2
11977 2
11978 2
11979 1
11980 1
11981 2
11982 1
11983 2
11984 2
11985 2
11986 1
11987 1
11988 2
11989 1
11990 1
11991 2
11992 1
11993 2
11994 2
11995 2
11996 2
11997 1
11998 1
11999 1
12000 1
12001 1
12002 1
12003 2
12004 2
12005 1
12006 2
12007 1
12008 1
12009 1
12010 2
12011 2
12012 2
12013 1
12014 2
12015 1
12016 2
12017 2
12018 2
12019 2
12020 2
12021 2
12022 2
12023 2
12024 2
12025 2
12026 1
12027 1
12028 2
12029 2
12030 2
12031 2
12032 1
12033 2
12034 2
12035 2
12036 1
12037 1
12038 2
12039 1
12040 2
12041 2
12042 2
12043 1
12044 1
12045 1
12046 1
12047 1
12048 1
12049 1
12050 1 2
12051 1 2
12052 1
12053 1
12054 1
12055 1
12056 1
12057 2
12058 2
12059 2
12060 1
12061 1
12062 1
12063 1
12064 1
12065 1
12066 2
12067 2
12068 2
12069 1
12070 2
12071 2
12072 2
12073 2
12074 1
12075 1
12076 1
12077 2
12078 2
12079 1
12080 2
12081 2
12082 2
12083 2
12084 1
12085 1
12086 1
12087 1
12088 1
12089 2
12090 1
12091 2
12092 2
12093 2
12094 1
12095 1
12096 1
12097 1
12098 2
12099 2
12100 1
12101 1
12102 1
12103 2
12104 1
12105 1
12106 1
12107 1
12108 1
12109 2
12110 2
12111 2
12112 2
12113 1
12114 1
12115 1
12116 1
12117 2
12118 1
12119 1
12120 2
12121 2
12122 2
12123 2
12124 2
12125 2
12126 1
12127 1
12128 2
12129 2
12130 1
12131 1
12132 1
12133 2
12134 2
12135 2
12136 1
12137 2
12138 1
12139 2
12140 2
12141 1
12142 1
12143 1
12144 2
12145 2
12146 2
12147 2
12148 2
12149 2
12150 1
12151 2
12152 2
12153 2
12154 2
12155 2
12156 1
12157 1
12158 2
12159 2
12160 2
12161 2
12162 2
12163 2
12164 1
12165 1
12166 1
12167 2
12168 2
12169 1
12170 1
12171 2
12172 1
12173 1
12174 1
12175 1
12176 2
12177 1
12178 1
12179 2
12180 1
12181 1
12182 2
12183 1
12184 2
12185 1
12186 1
12187 2
12188 1
12189 2
12190 2
12191 1
12192 1
12193 1
12194 2
12195 2
12196 2
12197 1
12198 1
12199 1
12200 2
12201 1
12202 1
12203 1
12204 2
12205 1
12206 2
12207 2
12208 1
12209 2
12210 1
12211 1
12212 2
12213 1
12214 2
12215 1
12216 1
12217 1
12218 1
12219 2
12220 2
12221 2
12222 2
12223 2
12224 1
12225 1
12226 1
12227 1
12228 1
12229 1
12230 1
12231 1
12232 1
12233 1
12234 2
12235 2
12236 1
12237 1
12238 1
12239 1
12240 2
12241 2
12242 2
12243 2
12244 2
12245 2
12246 1
12247 1
12248 1
12249 1
12250 2
12251 1
12252 2
12253 2
12254 2
12255 2
12256 2
12257 2
12258 2
12259 1
12260 2
12261 2
12262 2
12263 1
12264 1
12265 2
12266 2
12267 2
12268 1
12269 1
12270 1
12271 1
12272 2
12273 2
12274 1
12275 1
12276 1
12277 1
12278 1
12279 1
12280 1
12281 1
12282 2
12283 1
12284 1
12285 1
12286 1
12287 1
12288 1
12289 1
12290 1
12291 1
12292 1
12293 1
12294 1
12295 1
12296 1
12297 2
12298 1
12299 2
12300 2
12301 2
12302 2
12303 2
12304 2
12305 2
12306 1
12307 2
12308 2
12309 2
12310 2
12311 2
12312 2
12313 2
12314 2
12315 2
12316 2
12317 2
12318 1
12319 2
12320 1
12321 1
12322 1
12323 2
12324 2
12325 1
12326 1
12327 1
12328 1
12329 2
12330 1
12331 2
12332 2
12333 2
12334 2
12335 2
12336 1
12337 1
12338 1
12339 1
12340 2
12341 1
12342 2
12343 2
12344 2
12345 2
12346 2
12347 2
12348 2
12349 2
12350 2
12351 2
12352 2
12353 2
12354 2
12355 1
12356 1
12357 1
12358 2
12359 1
12360 2
12361 1
12362 1
12363 1
12364 2
12365 2
12366 2
12367 1
12368 2
12369 2
12370 1
12371 1
12372 1
12373 1
12374 2
12375 1
12376 1
12377 2
12378 1
12379 1
12380 1
12381 1
12382 2
12383 2
12384 2
12385 1
12386 1
12387 2
12388 2
12389 2
12390 2
12391 2
12392 2
12393 2
12394 1
12395 1
12396 2
12397 2
12398 2
12399 1
12400 1
12401 1
12402 1
12403 2
12404 2
12405 2
12406 2
12407 1
12408 2
12409 2
12410 1
12411 1
12412 1
12413 1
12414 2
12415 2
12416 2
12417 2
12418 2
12419 2
12420 1
12421 1
12422 2
12423 1
12424 2
12425 2
12426 2
12427 2
12428 2
12429 2
12430 2
12431 2
12432 2
12433 2
12434 2
12435 2
12436 2
12437 2
12438 2
12439 2
12440 2
12441 2
12442 2
12443 2
12444 1
12445 2
12446 1
12447 1
12448 1
12449 2
12450 2
12451 1
12452 1
12453 1
12454 2
12455 1
12456 2
12457 1
12458 1
12459 1
12460 2
12461 2
12462 2
12463 2
12464 1
12465 2
12466 2
12467 1
12468 1
12469 2
12470 1
12471 1
12472 1
12473 1
12474 1
12475 1
12476 2
12477 2
12478 2
12479 1
12480 1
12481 1
12482 1
12483 2
12484 2
12485 1
12486 1
12487 1
12488 2
12489 2
12490 1
12491 1
12492 1
12493 1
12494 2
12495 1
12496 2
12497 2
12498 1
12499 1
12500 1
12501 1
12502 1
12503 2
12504 2
12505 1
12506 1
12507 2
12508 2
12509 2
12510 1
12511 2
12512 1
12513 1
12514 1
12515 1
12516 1
12517 2
12518 2
12519 2
12520 2
12521 1
12522 2
12523 2
12524 2
12525 2
12526 1
12527 2
12528 1
12529 1
12530 1
12531 1
12532 1
12533 2
12534 2
12535 1
12536 1
12537 1
12538 2
12539 2
12540 2
12541 2
12542 1
12543 1
12544 2
12545 2
12546 1
12547 1
12548 1
12549 1
12550 2
12551 2
12552 1
12553 1
12554 2
12555 2
12556 1
12557 2
12558 1
12559 1
12560 2
12561 1
12562 2
12563 2
12564 1
12565 1
12566 1
12567 2
12568 2
12569 2
12570 2
12571 2
12572 2
12573 2
12574 2
12575 1
12576 2
12577 1
12578 2
12579 1
12580 1
12581 2
12582 2
12583 1
12584 2
12585 1
12586 2
12587 2
12588 2
12589 2
12590 2
12591 2
12592 2
12593 2
12594 2
12595 1
12596 2
12597 2
12598 1
12599 2
12600 1
12601 1
12602 1
12603 2
12604 1
12605 1
12606 2
12607 2
12608 2
12609 2
12610 2
12611 2
12612 1
12613 1
12614 1
12615 2
12616 1
12617 2
12618 2
12619 2
12620 2
12621 1
12622 1
12623 2
12624 1
12625 2
12626 2
12627 2
12628 2
12629 2
12630 1
12631 2
12632 1
12633 1
12634 1
12635 2
12636 1
12637 1
12638 2
12639 1
12640 2
12641 1
12642 2
12643 1
12644 2
12645 1
12646 1
12647 2
12648 1
12649 1
12650 2
12651 1
12652 1
12653 2
12654 2
12655 2
12656 1
12657 2
12658 1
12659 2
12660 2
12661 2
12662 2
12663 1
12664 2
12665 2
12666 2
12667 2
12668 1
12669 1
12670 1
12671 1
12672 2
12673 2
12674 2
12675 2
12676 2
12677 2
12678 2
12679 2
12680 1
12681 1
12682 1
12683 2
12684 1
12685 1
12686 2
12687 2
12688 1
12689 1
12690 2
12691 2
12692 2
12693 2
12694 2
12695 2
12696 1
12697 1
12698 2
12699 2
12700 2
12701 1
12702 2
12703 2
12704 2
12705 1
12706 1
12707 2
12708 2
12709 2
12710 2
12711 1
12712 1
12713 1
12714 1
12715 1
12716 2
12717 1
12718 2
12719 2
12720 2
12721 1
12722 1
12723 1
12724 2
12725 2
12726 2
12727 1
12728 1
12729 2
12730 2
12731 2
12732 1
12733 1
12734 2
12735 1
12736 1
12737 1
12738 2
12739 1
12740 2
12741 1
12742 2
12743 2
12744 1
12745 1
12746 1
12747 1
12748 1
12749 1
12750 1
12751 2
12752 1
12753 1
12754 2
12755 1
12756 2
12757 1
12758 1
12759 2
12760 1
12761 2
12762 1
12763 2
12764 2
12765 2
12766 2
12767 2
12768 1
12769 2
12770 2
12771 2
12772 1
12773 1
12774 2
12775 2
12776 2
12777 2
12778 1
12779 2
12780 1
12781 2
12782 2
12783 2
12784 2
12785 2
12786 2
12787 2
12788 1
12789 2
12790 1
12791 1
12792 2
12793 1
12794 1
12795 1
12796 1
12797 2
12798 2
12799 2
12800 2
12801 2
12802 2
12803 2
12804 1
12805 2
12806 2
12807 1
12808 2
12809 2
12810 2
12811 2
12812 2
12813 1
12814 1
12815 2
12816 1
12817 2
12818 2
12819 1
12820 2
12821 2
12822 1
12823 2
12824 1
12825 1
12826 1
12827 2
12828 1
12829 2
12830 2
12831 2
12832 2
12833 2
12834 2
12835 2
12836 1
12837 2
12838 2
12839 2
12840 2
12841 2
12842 1
12843 1
12844 1
12845 1
12846 1
12847 1
12848 1
12849 1
12850 1
12851 1
12852 1
12853 1
12854 1
12855 1
12856 1
12857 1
12858 1
12859 1
12860 1
12861 1
12862 1
12863 1
12864 1
12865 1
12866 1
12867 1
12868 1
12869 1
12870 1
12871 1
12872 1
12873 1
12874 1
12875 1
12876 1
12877 1
12878 1
12879 1
12880 1
12881 1
12882 1
12883 1
12884 1
12885 1
12886 1
12887 1
12888 1
12889 1
12890 1
12891 1
12892 1
12893 1
12894 1
12895 1
12896 1
12897 1
12898 1
12899 1
12900 1
12901 1
12902 1
12903 1
12904 1
12905 1
12906 1
12907 1
12908 1
12909 1
12910 1
12911 1
12912 1
12913 1
12914 1
12915 1
12916 1
12917 1
12918 1
12919 1
12920 1
12921 1
12922 1
12923 1
12924 1
12925 1
12926 1
12927 1
12928 1
12929 1
12930 1
12931 1
12932 1
12933 1
12934 1
12935 1
12936 1
12937 1
12938 1
12939 1
12940 1
12941 1
12942 1
12943 1
12944 1
12945 1
12946 1
12947 1
12948 1
12949 1
12950 1
12951 1
12952 1
12953 1
12954 1
12955 1
12956 1
12957 1
12958 1
12959 1
12960 1
12961 1
12962 1
12963 1
12964 1
12965 1
12966 1
12967 1
12968 1
12969 1
12970 1
12971 1
12972 1
12973 1
12974 1
12975 1
12976 1
12977 1
12978 1
12979 1
12980 1
12981 1
12982 1
12983 1
12984 1
12985 1
12986 1
12987 1
12988 1
12989 1
12990 1
12991 1
12992 1
12993 1
12994 1
12995 1
12996 1
12997 1
12998 1
12999 1
13000 1
13001 1
13002 1
13003 1
13004 1
13005 1
13006 1
13007 1
13008 1
13009 1
13010 1
13011 1
13012 1
13013 1
13014 1
13015 1
13016 1
13017 1
13018 1
13019 1
13020 1
13021 1
13022 1
13023 1
13024 1
13025 1
13026 1
13027 1
13028 1
13029 1
13030 1
13031 1
13032 1
13033 1
13034 1
13035 1
13036 1
13037 1
13038 1
13039 1
13040 1
13041 1
13042 1
13043 1
13044 1
13045 1
13046 1
13047 1
13048 1
13049 1
13050 1
13051 1
13052 1
13053 1
13054 1
13055 1
13056 1
13057 1
13058 1
13059 1
13060 1
13061 1
13062 1
13063 1
13064 1
13065 1
13066 1
13067 1
13068 1
13069 1
13070 1
13071 1
13072 1
13073 1
13074 1
13075 1
13076 1
13077 1
13078 1
13079 1
13080 1
13081 1
13082 1
13083 1
13084 1
13085 1
13086 1
13087 1
13088 1
13089 1
13090 1
13091 1
13092 1
13093 1
13094 1
13095 1
13096 1
13097 1
13098 1
13099 1
13100 1
13101 1
13102 1
13103 1
13104 1
13105 1
13106 1
13107 1
13108 1
13109 1
13110 1
13111 1
13112 1
13113 1
13114 1
13115 1
13116 1
13117 1
13118 1
13119 1
13120 1
13121 1
13122 1
13123 1
13124 1
13125 1
13126 1
13127 1
13128 1
13129 1
13130 1
13131 1
13132 1
13133 1
13134 1
13135 1
13136 1
13137 1
13138 1
13139 1
13140 1
13141 1
13142 1
13143 1
13144 1
13145 1
13146 1
13147 1
13148 1
13149 1
13150 1
13151 1
13152 1
13153 1
13154 1
13155 1
13156 1
13157 1
13158 1
13159 1
13160 1
13161 1
13162 1
13163 1
13164 1
13165 1
13166 1
13167 1
13168 1
13169 1
13170 1
13171 1
13172 1
13173 1
13174 1
13175 1
13176 1
13177 1
13178 1
13179 1
13180 1
13181 1
13182 1
13183 1
13184 1
13185 1
13186 1
13187 1
13188 1
13189 1
13190 1
13191 1
13192 1
13193 1
13194 1
13195 1
13196 1
13197 1
13198 1
13199 1
13200 1
13201 1
13202 1
13203 1
13204 1
13205 1
13206 1
13207 1
13208 1
13209 1
13210 1
13211 1
13212 1
13213 1
13214 1
13215 1
13216 1
13217 1
13218 1
13219 1
13220 1
13221 1
13222 1
13223 1
13224 1
13225 1
13226 1
13227 1
13228 1
13229 1
13230 1
13231 1
13232 1
13233 1
13234 1
13235 1
13236 1
13237 1
13238 1
13239 1
13240 1
13241 1
13242 1
13243 1
13244 1
13245 1
13246 1
13247 1
13248 1
13249 1
13250 1
13251 1
13252 1
13253 1
13254 1
13255 1
13256 1
13257 1
13258 1
13259 1
13260 1
13261 1
13262 1
13263 1
13264 1
13265 1
13266 1
13267 1
13268 1
13269 1
13270 1
13271 1
13272 1
13273 1
13274 1
13275 1
13276 1
13277 1
13278 1
13279 1
13280 1
13281 1
13282 1
13283 1
13284 1
13285 1
13286 1
13287 1
13288 1
13289 1
13290 1
13291 1
13292 1
13293 1
13294 1
13295 1
13296 1
13297 1
13298 1
13299 1
13300 1
13301 1
13302 1
13303 1
13304 1
13305 1
13306 1
13307 1
13308 1
13309 1
13310 1
13311 1
13312 1
13313 1
13314 1
13315 1
13316 1
13317 1
13318 1
13319 1
13320 1
13321 1
13322 1
13323 1
13324 1
13325 1
