0 6 16 37 39 46
1 30
2 5
3 30
4 2 9
5 3 22 25
6 42
7 3
8 28 49
9 27
10 10
11 46
12 27 34
13 27 34
14 28
15 6 34
16 21
17 32 40
18 24 26 27 30
19 27
20 8
21 49
22 26 34 44
23 10
24 40 49
25 28 40
26 36 39
27 10
28 6
29 3 24
30 3 46
31 5 13 17 39
32 3 5
34 3 20 31
35 38
36 23
37 7 14 23 29
38 13 32
39 24 26
40 48
41 22
42 20 34
43 20
44 42
45 13 24
46 13
47 6 13 30 34 42 44
48 45
49 6 23 32
50 4 6 8
51 35
52 6 38
53 36
54 9
56 31
57 31
58 12
59 17 24 31
60 13 23 46
61 41
62 11
63 48
64 37
65 28
66 37
67 6 35
68 6
69 3 13 46
70 39
71 26
72 11
73 48
74 7 16 23
75 7 19 45
76 19 30
77 19
78 34
79 23
80 37
81 8 46 49
82 25
83 8 48
84 49
85 34
86 34
87 24
88 4 8
89 36
90 17 36
91 8
92 44
93 13
94 36
95 19 37
96 30
97 13
98 30
99 36 45
100 14 18
101 10 27
102 32
103 3
104 48
105 5
106 3 10
107 19
108 5
109 19
110 35
111 6
112 11
113 5 13 22
114 34
115 7 14 16 18 29
116 31
118 7
119 3 4 8 10
120 49
121 26 44
122 34
123 7 29
124 44
125 38
126 27 48
127 6
128 23
129 21 36
130 16
131 1 37 41
132 20
133 10
134 14 18
135 49
136 16
137 11
138 8 42
139 20
140 28 47
141 3 8 24
142 14
143 26
144 10
145 19
146 23
147 21
148 42
149 4 16 39 41 42 45
150 23
151 27
152 6
153 19
154 23 29
155 48
156 4 10
157 10
158 6 36
159 36
160 7 10 29
161 2
162 7 23 37
163 29
164 23
165 39
166 13 43
167 13 43
168 4
169 43
170 4 42
171 8
172 3
173 5
174 4 8 28
175 22
176 9
177 16 38
178 24
179 30
180 11 13
181 13 21
182 7
183 9
184 37
185 22
186 16
187 24
188 30 48
189 9 13 28 42
190 40
191 21
192 32 38 49
193 31
194 22 35 38 40 49
195 9
196 7 23 25 32 38 40 49
197 38 40
198 23 32 41 45 50
199 28
200 48
201 13 15 17
202 35 44
203 48
204 35
205 26 36
206 30
207 36 43
208 45
209 37 38
210 15
211 32
212 10 27
213 40
214 48
215 41
216 24
217 24 36 38
218 31
219 34
220 32 35 40
221 25 32 35 37
222 24 48
223 24
224 3 32
225 35
226 9 28 42
227 28 32 42
228 11
229 31
230 7 14 16 18 23
231 26
232 35
233 19
234 7 14 18
235 16
236 32
237 33
238 9 16 19 41
239 23 43
240 11 24
241 7
242 7 16
243 22
244 42
245 4
247 41
248 16
249 9
250 41
251 10
252 20 22
253 36
254 30
255 1 48
256 31
257 23 40
258 3 28
259 13 14 18 23
260 41 49
261 44 50
262 46 49
263 48
264 49
265 9 15 35
266 10 34
267 3
268 4 8
269 20 31
270 3 20
271 9
272 40
273 41
274 24
275 12
276 19
277 6 34 44
278 26 44
279 6
280 6 44
281 10 16
282 26 34 44
283 10 31 49
284 1 13 21
285 31
286 10
287 7
288 32 40 49
289 4
290 32 37
291 24
292 10 16
293 40 42
294 1
295 5
296 11
297 39
298 5
299 30 35 48
300 14
301 6
302 43
303 36 43
304 4 8 16 32
305 24
306 43
307 27
308 10
309 44
310 41
311 48
312 30
313 6
314 7 40
315 37
316 6 43
317 6
318 9
319 48
320 1 48
321 10 11 28
322 26
323 36
324 24
325 31
326 31
327 27
328 31
329 32
330 31
331 15 31
332 31
333 3 31
334 19
335 36 39
336 42
337 36
338 32
339 28
340 11
341 35
342 21
343 35
344 35 48
345 35
346 6 28 35 41 50
347 6 41
348 35
349 19
350 19 43
351 4 37
352 41
353 18
354 35
355 6
356 12
358 31 36
359 4
360 13 17 20
361 42
364 36
365 16
366 34
367 32
368 21
369 14 18 20
370 13 19 28 42 43
371 30
372 21 33
373 19
374 9
375 11
376 6 44
377 23 37
378 45
379 3 5 17
380 10 20 24 46
381 17
382 11
383 17 26 34
384 7 29 32 37 49
385 13 26
386 39
387 32 35
388 14
389 16 40 46
390 1
391 10 14 18 38
392 29 49
393 9 23
394 26
396 42
397 5
398 37
399 7 23
400 39
401 3 46
402 37
403 12
404 6 44
405 27
406 26
407 32
408 11
409 7
410 32 41
411 14 43
412 4 37
413 9
414 9
415 32 41
416 10 26
417 4 50
418 48
419 11 40 49
420 41
421 10 40
422 17 20 41
423 9 10 28 39
424 34
425 41
426 27 34
427 21 26 43
428 11 27
429 4 32 37
430 38
431 41
432 44
433 22
434 40 41
435 1
436 3 24
437 19 49
438 26
439 26
440 26
441 28 42
442 26
443 16
444 24
445 23
446 2 13 43
447 3 17 37
448 21 26 34
449 23
450 5
451 5 17
452 5
453 19
454 10 16 39
455 10
456 34
457 34
458 10 43
459 10
460 38
461 40
462 3 9 15 27 31 38
463 17 23 38
464 35
465 14
466 3
467 48
468 20 31
469 48
470 10 40 50
471 6
472 32
473 48
474 30
475 27
476 3 31 46
477 10 24
478 5 17
479 27
480 21
481 35
482 30
483 35 48
484 3
485 10 41
486 6 44
487 34 44
488 10
489 3 19 20
490 37
491 21
492 9
493 28 35
494 24
495 27 40 46
496 46
497 20 24 46
498 10 14 16 24 28
499 34
500 6 13 30 44
501 9
502 19
503 19
504 41
505 37 44
506 32
507 13 43
509 4
510 3
511 35
512 6
513 5 9
514 7
515 11
516 30
517 8 19
518 25 49
519 10
520 20
521 42
522 36
523 40
524 8
525 25 46
526 7 14 18
527 4 8
528 46
529 34
530 4 10
531 3 17 20 35 41
532 38
533 40
534 17
535 17
536 23
537 5
538 5
539 47 50
540 23
541 26
542 34
543 31
544 7 38
545 37
546 40
547 42
548 6
549 5 17
550 48
551 41
552 19
553 20 28 42
554 7 14 23 29
555 6
556 11
557 34 44
558 3
559 8
560 8 16 28
561 3
562 23
563 3
564 41
565 10
566 6 26
567 21
568 4 11 24
569 3
570 10
571 11
572 48
573 6
574 19 46
575 46
576 21
577 9 16 24 32 38
578 4 5
579 26
580 23
581 10
582 6
583 3 13 31
584 49
585 14 29
586 6 30 44
587 3 16
588 34
589 3 21
590 14 23 29
591 14 18 29 43
592 24
593 41
594 40 49
595 14 18
596 5
597 6
598 43 49
599 34
600 7
601 32 37
602 40
603 43
604 24 35 41
605 2 32 49
606 35
607 32
608 32 46
609 33
610 4 20 22
611 11 35
612 35
613 32
614 3 32 35
615 11
616 32 41 49
617 32
618 37
619 28 46
620 14
621 19 40
622 3
623 6
624 13 24
625 23
626 43
627 18
628 13
629 19 40 49
630 36
631 35
632 6
633 36
634 9 33
635 13 21
636 13 19 23
637 32 35 41
638 7 14 16 23 40
640 23
641 23 26 27 34
642 27
643 27
644 31
645 46
646 9 25 32 39
647 40
648 26
649 43
650 4 8
651 36 39 43
652 21
653 26
654 21
655 23
656 10 19 32
657 15
658 36
659 49
660 2 4 8 47
661 22
662 3
663 40
664 9 14 28 29 40
665 37
666 40
667 41
668 14 18
669 26 44
670 38
671 34 36
672 7 29
673 6
674 2 7 16 28 32 37 40 46 49
675 16 40 48 49
676 24 26
677 35 48
678 44
679 26
680 42
681 14
682 6
683 8
684 23
685 44
686 9
687 4 8 9
688 10 16
689 9
690 39
691 3
692 42
693 50
694 49
695 2
696 9 20 26 44
697 44
698 7 16 32
699 7
700 20
701 40
702 23 43
703 24 31
704 26
705 21
706 32 37
707 30
708 27
709 21 35
710 21 26
711 7 40
712 10
713 40
714 30
715 40
716 11
717 32
718 19
719 6 31 38
720 9
721 14
722 20
723 11
724 8
725 19
726 13 26
727 13 34 44
728 13 26 33
729 32 35
730 13 26 42
731 32
732 5 17
733 6
734 32
735 41
736 32
737 16
738 4
739 4 9 28 32
740 9
741 2 16
742 48
743 27
744 6
745 8
746 48
747 3 5 10 17 20 31 38 46
748 9
749 10
750 42
751 3 39
752 20
753 14 41
754 4 8 13 21 44
755 14 18
756 4
757 9
758 8 35
759 43
760 34
761 28
762 40 42
763 6 34 44
764 3
765 40
766 10
767 32
768 35 41
769 22 42
770 11
771 28
772 32
773 11
774 3 20 31 46
775 20 31
776 26 46
777 31 35
778 11
779 48
780 30 41
781 31
782 34
783 3 31
784 28 36
785 36
787 11 39
788 3
789 31
790 20
791 32 35
792 13 42
793 43
794 37
795 11 13 16 43
796 43
797 41
798 8 41
799 43
800 28 42
801 46 49
802 43
803 28 30
804 6 27
805 37
806 19
807 3 9 13 46
808 19 46
809 4 11 13 28 43
810 1
811 11
812 45
813 8
814 3 13 20 45
815 3
816 9 30
817 8
818 39
819 37
820 40 49
821 47 50
822 37
823 12 26 44 47
824 44
825 44
826 4
827 17 32
828 23
829 9 16
830 48
831 28
832 32
833 26 34 44
834 26 34 44
835 4 8
836 44
837 32
838 6
839 26
840 34
841 32
842 14 18
843 47
844 4
845 42
846 6
847 4
848 4 8
849 10
850 31
851 26
852 3 46
853 5
854 8 10
855 28
856 35
857 44
858 37
859 36
860 5 19
861 34
862 39
863 13
864 3 13
865 11 31
866 12 27
867 10
868 34
869 42
870 14 16 18
871 17 20
872 13 39
873 5 17 20 35
874 3 9
875 48
876 39
877 4 7 9 16 26 33 34 37 44 47
878 3 13 20 24 28 42
879 5 17 46
880 34 44
881 4 8
882 4
883 14
884 11 28 42
885 23
886 40
887 35
888 10 13 14 18
889 6
890 46
891 3 19 28 42
892 23
893 24
894 9 19 25 32
895 4 27
896 40
897 43
898 20
899 31
900 11 37
901 7 10 11 13 16 24 38 48
902 3 9 28
903 3 5 17
904 7 14 16 21 23
905 44
906 26
907 13 24
908 31
909 7
910 3
911 14
912 43
913 23
914 26
915 32 41
916 19
917 24
918 11 33
919 46
920 35 41
921 19
922 11 13 15 42 46
923 18
924 6 44
925 2 9 24 49
926 8 10 30
927 44
928 9 16
929 28 37 42
930 19
931 1 40 49
932 28 42
933 48
934 24
935 33
936 11 28
937 42
938 37
939 19
940 41
941 44
942 42
943 16
944 42 46
945 39
946 21
947 41
948 10 24
949 11
950 26 34
951 48
952 7
953 6
954 21
955 39
956 22
957 32 37
958 4 33
959 19
960 11
961 24
962 50
963 26
964 50
965 16 28
966 8 13 26 27 46
967 31 40
968 44 45
969 28 42
970 40 45
971 39
972 6 41
973 13 21 43
974 32
975 30 43
976 35
977 9
978 8
979 28 32
980 13 38 42
981 2
982 20
983 2 10 23 29 32 35 44
984 12 46 47
985 23 38 46 48
986 10 17
987 3 22 37
988 32 37 38
989 37
990 16
991 33
992 13
993 8 40 49
994 3 5 31
995 30
996 4
997 49
998 9
999 10
1000 20
1001 3 13 28
1002 7 16 19
1003 35 42
1004 21
1005 9
1006 31
1007 26
1008 6
1009 6
1010 27
1011 29
1012 6
1013 27
1014 11
1015 20 31
1016 9
1017 19 39
1018 27
1019 36 48
1020 46
1021 31
1022 26 33 34 43 44
1023 31
1024 3
1025 48
1026 14 43
1027 24 26 38 43
1028 24 31
1029 31
1030 10 35 40
1031 27
1032 23
1033 41
1035 41
1036 23 29
1037 9
1038 35
1039 10
1041 8 41
1042 10
1043 10
1044 3 20 31 42
1045 48
1046 11
1047 46
1048 27
1049 42
1050 15
1051 35
1052 4 8 13 21
1053 31
1054 6 30 34 44
1055 13 43
1056 47
1057 12
1058 1
1059 6
1060 4
1061 7
1062 3
1063 13
1064 46
1065 19
1066 35
1067 19
1068 4 35
1069 33
1070 35
1071 6 48
1072 34
1073 11
1074 9 20 46
1075 14
1076 26 34 44
1077 26
1078 27
1079 30 38
1080 13 26 42
1081 13 26
1082 26
1083 13
1084 24
1085 30
1086 40
1087 17 26
1088 3 17 20 46
1089 6
1090 28 42
1092 14 18 40
1093 21
1094 30
1095 42
1096 30 41
1097 35
1098 36
1099 43
1100 11
1101 11
1102 26 33 34 44
1103 26 34 44
1104 26 32 34
1105 16 38
1106 13 26 34 44
1107 34 44
1108 13 26 33 34
1109 40
1110 41
1111 41
1112 21 26
1113 3 19
1114 16 19
1115 34
1116 32
1117 49
1118 44
1119 22 29 32 38
1120 4 8
1121 35
1122 48
1123 3
1124 44
1125 2
1126 27 34
1127 30
1128 30
1129 2 38
1130 6
1131 35
1132 35
1133 5
1134 19
1135 44
1136 19
1137 11
1138 14 29 43
1139 9 16 32 35 38
1140 11 26
1141 13 34 44
1142 17 22 35
1143 4 8 22
1144 10 35
1145 44
1146 6 41 50
1147 6 37
1148 14
1149 34 44
1150 33
1151 48
1152 41
1153 28
1154 20
1155 27
1156 44
1157 21
1158 5 17
1159 26 34
1160 40
1161 26 31
1162 48
1163 14 28 44 46
1164 17 20
1165 5 46
1166 41
1167 21
1168 4 6 8 9 43
1169 46
1170 7
1172 11
1173 23 41
1174 42
1175 10 16
1176 11
1177 37 40 49
1178 37
1179 40
1180 4 8 13 36
1181 4 8 13
1182 36
1183 7 28 42
1184 2 4 16
1185 32
1186 28
1187 21
1188 30
1189 48
1190 48
1191 4
1192 11
1193 3
1194 6 21 44
1195 28 35
1196 48
1197 48
1198 7 10 16 19 35
1199 31
1200 11
1201 6 30 34 44
1202 40
1203 6 50
1204 40 49
1205 6 46
1206 7 16 28 37 40 49
1207 7
1208 26
1209 13 34
1210 49
1211 40 46 49
1212 34
1213 21
1215 22 28
1216 31
1217 21 26 33 34
1218 21
1219 23 28 36 41 42 43
1220 44 48
1221 4 8 48
1222 6 34 44
1223 6
1224 16
1225 16
1226 37
1227 10 16 28 38 42
1228 20 39
1229 6
1230 7 10 16 35
1231 48
1232 13 16 24 38 43
1233 3
1234 45
1235 21
1236 30
1237 9
1238 49
1239 13 26
1240 9 23 32
1241 3 11 31
1242 9
1243 3
1244 24 36
1245 4 8
1246 4 8 42
1247 17
1248 2 43
1249 13
1250 13 21 28 40 42
1251 2
1252 3
1253 26
1254 30
1255 40
1256 4 8
1257 24 38
1258 8 13 22 29 49
1259 26 31
1260 10
1261 3 4 8 13 22
1262 26
1263 7 29 38
1264 13
1265 5 13 17 20 39
1266 46
1267 4 8
1268 21 36
1269 3
1270 29 48 50
1271 28
1272 22
1273 19 29
1274 24
1275 13 21 26 33
1276 5
1278 11 31
1279 14 42
1280 2 4 8
1281 35
1282 4 11
1283 31
1284 41 48
1285 19
1286 19
1287 4
1288 3
1289 11
1290 10 46
1291 6
1292 35
1293 30
1294 21 24 34 44
1295 20 26 34 44
1296 36
1297 9
1298 32
1299 14
1300 10 23 38
1301 32 41
1302 27
1303 42
1304 42
1305 32 41
1306 31
1307 41
1308 41
1309 34
1310 3 21 39
1311 13 37 41 43
1312 31
1313 32 37
1314 35
1315 28
1316 23
1317 14 19 40 46 49
1318 10 35
1319 8
1320 7 38 40
1321 11 24 32 35
1322 12 35 38 47
1323 48
1324 18
1325 24 46
1326 4 8
1327 46
1328 41
1329 29 40 43
1330 21 28 42
1331 24 30
1332 4 8 9 13 21
1333 13 36
1334 4 21 28 35 42
1335 6
1336 9 39
1337 16 37
1338 26
1339 34
1340 10
1341 21
1342 4 36 38
1343 26 31
1344 13 24
1345 31
1346 26 33
1347 14
1348 34
1349 6 37
1350 48
1351 6
1352 43
1353 7 9 18
1354 9 14
1355 7
1356 41
1357 13
1358 13
1359 3 5 7 16 36
1360 31
1361 11
1362 26
1363 26
1364 11
1365 36
1366 20 31
1367 28
1368 25 32
1369 6
1370 32 41
1371 31
1372 37
1373 1
1374 6 41 50
1375 26
1376 19 41
1377 26
1378 27 34
1379 40
1380 3 13 20 40 42
1381 35
1382 11
1383 13
1384 6
1385 11 40
1386 3
1387 11
1388 19
1389 27
1390 26 33
1391 20 46
1392 10 27 35
1393 45
1394 13 28 42
1395 3 34
1396 23 39 43
1397 19 35 41
1398 4
1399 11
1400 48
1401 6
1402 28 42
1403 4 8
1404 13 21 43
1405 5 10 13 38
1406 11
1407 24 27
1408 19
1409 41
1410 44
1411 4 8
1412 34
1413 39
1414 19 30 40
1415 26
1416 5
1417 28 42
1418 13
1419 3 9 46
1420 35
1421 16 28 32 37
1422 13 22 38
1423 26
1424 7 14 16 18 24 29 38 40
1425 35
1426 10
1427 9
1428 7
1429 4 8 16 24 29
1430 46
1431 1
1432 11
1433 16
1434 16
1435 21
1436 35
1437 5 17 20 42 46
1438 6
1439 34
1440 27
1441 3 20
1442 19
1443 4 8
1444 22
1445 6 44
1446 11
1447 41
1448 30
1449 28 36 42
1450 1
1451 6
1452 3
1453 27
1454 6
1455 4 8
1456 35
1457 26 33
1458 13 22 38
1459 9
1460 35
1461 8
1462 27 34
1463 9
1464 41
1465 42
1466 16
1467 41
1468 11
1469 23 38 40 49
1470 30 34 44
1471 11
1472 5 17
1473 9
1474 27
1475 23
1476 50
1477 41
1478 48
1479 24
1480 5 10 37
1481 23
1482 7 16 25 40 49
1483 21
1484 8 34
1485 34
1486 21
1487 8 9
1488 25 38 41
1489 5
1490 10
1491 46 49
1492 30
1493 48
1494 19
1495 6
1496 13 26 35
1497 6
1498 9 14 24 38 40
1499 14 38 40
1500 10 14 18 38 40
1501 38
1502 28 42
1503 16
1504 26 33
1505 28 38 42 46
1506 35 46
1507 36
1508 46
1509 48
1510 19
1511 13 21
1512 27
1513 20 32
1514 5 46
1515 4 8
1516 48
1517 26 44
1518 12
1519 5 22
1520 13 21 31
1521 44
1522 38 45
1523 16 19
1524 35
1525 35 48
1526 41
1527 31
1528 15 35 46
1529 19 38 40 49
1530 26 33
1531 31
1532 41
1533 46
1534 4 8
1535 9 17 19 24
1536 23
1537 31
1538 34
1539 31
1540 3
1541 8 32 40 49
1542 38
1543 14 40
1544 27
1545 23
1546 41
1547 10
1548 14 23 40
1549 10 13
1550 40
1551 23 40
1552 41
1553 11
1554 11 20
1555 39
1556 10 27 34 47
1557 40
1558 17
1559 27
1560 6 8 17 34 38 44
1561 11 44
1562 11
1563 3
1564 24
1565 31
1566 15
1567 30 34 44
1568 10 24
1569 3 34 44
1570 24 46
1571 49
1572 13 26 33
1573 42
1574 24
1575 36 43
1576 28 32 38
1577 11
1578 44
1579 24 38
1580 38 42
1581 19
1582 19
1583 21
1584 2 10 13 16 19 28
1585 32
1586 6
1587 11
1588 10
1589 44
1590 35
1592 32 49
1593 4 8
1594 48
1595 24
1596 46
1597 44
1598 6
1599 49
1600 16 28 42
1601 23
1602 26
1603 23 26
1604 4
1605 37
1606 23 26
1607 26
1608 30
1609 6 16 44
1610 7 9 10
1611 26 34 44
1612 2
1613 43
1614 2 16 37 44
1615 31
1616 4 8 48
1617 4 48
1618 4 8 39
1619 6
1620 37
1621 11
1622 31
1623 31
1624 4 33 39
1625 31
1626 3 19
1627 37
1628 28 45
1629 14 18
1630 37 41 43
1631 24
1632 26
1633 24
1634 13
1635 14 18 20
1636 14 18
1637 10
1638 7
1639 3 17 20 22 31 46
1640 14 18 48
1641 42
1642 11
1643 14 18
1644 41
1645 23 40 48
1646 32 37
1647 16 41
1648 7 14 23
1649 8 32 41
1650 26
1651 44
1652 46
1653 27
1654 47
1655 14 18
1656 16
1657 31
1658 7 14 16 37
1659 16
1660 7 14 16 24
1661 13 43
1662 42
1663 28 35
1664 42
1665 35
1666 21
1667 22
1668 17
1669 15
1670 30
1671 31
1672 42
1673 31
1674 4 5 8
1675 5
1676 30
1677 34
1678 28
1679 31
1680 5 17 20
1681 12
1682 10
1683 5 17
1684 46
1685 17
1686 11 20
1687 10
1688 20 46
1689 9
1690 32
1691 4
1692 38 47
1693 6
1694 14 15 16 17 24 38
1695 39
1696 5 17 20
1697 3 5 15 17 36 38 42
1698 32
1699 17 20
1700 36
1701 26 34
1702 10
1703 41 44
1704 6
1705 11 46
1706 8
1707 38
1708 13 37
1709 10
1710 19
1711 41 48
1712 19
1713 4 9 37
1714 9 36 38
1715 24 32 48
1716 21 28 46
1717 4 8 32 46
1718 19 28 32 35 42
1719 1
1720 7
1721 37
1722 14
1723 31
1724 21
1725 19
1726 3 31
1727 3 20 31 42
1728 11
1729 13 22
1730 31
1731 14 19 40 49
1732 37
1734 36
1735 19
1736 9
1737 30
1738 22 41 47
1739 40 41
1740 7 11
1741 7 39 40
1742 35
1743 48
1744 36
1745 9
1746 41
1747 6 44
1748 9 35
1749 4
1750 37
1751 48
1752 35 48
1753 10 24 28 29 38 46
1754 26 27 34
1755 47
1756 35
1757 8 22
1758 23
1759 47
1760 1
1761 31
1762 23 38
1763 23
1764 23
1765 11
1766 7 23
1767 15
1768 13 42
1769 13 31
1770 27
1771 11
1772 4
1773 26
1774 34
1775 8
1776 10 17 41 43
1777 24 30
1778 30
1779 44
1780 1
1781 3 5 11 15 17 46
1782 35
1783 36
1784 40
1785 38 40 49
1786 14 18 38
1787 14 31 38 40
1788 9 27
1789 9 44
1790 13 26
1791 14 18
1792 13 33 34
1793 20
1794 34
1795 7
1796 3
1797 46
1798 14 18 29
1799 14
1800 7 23
1801 49
1802 19
1804 29 30
1805 39
1806 6 37 41
1807 3 20 31 42
1808 13 26 28 42
1809 30
1810 5
1811 3 31
1812 21 44
1813 49
1814 35
1815 36 42
1816 34
1817 27 34 44
1818 4
1819 48
1820 50
1821 11
1822 31
1823 27
1824 2 23 43
1825 27
1826 27
1827 27
1828 27
1829 20
1830 3 30 42
1831 2
1832 41
1833 28 34 37 38 43 44
1834 6 13 33 34 44
1835 39 50
1836 49
1837 17
1838 4 7 8 28 42
1839 23 28 36 39
1840 10 23 34
1841 2 9 24 28
1842 4 8 10 35
1843 28
1844 42
1845 26
1846 8 20
1847 3 16
1848 30 48
1849 34
1850 15 37
1851 16 23 44
1852 26
1853 36
1854 19
1855 36
1857 40
1858 13 22 40 49
1859 38
1860 11
1861 40
1862 36
1863 14 23
1864 23
1865 7 32
1866 49
1867 30
1868 14
1869 18
1870 10 14
1871 23
1872 23
1873 44
1874 11
1875 36
1876 22 24
1877 3
1878 33
1879 48
1880 4
1881 2 37 38
1882 2
1883 27
1884 1
1885 4
1886 12
1887 14 16
1889 46
1890 42
1891 7 13 46
1892 35
1893 2 5
1894 11
1895 16
1896 3
1897 4 8
1898 31
1899 31
1901 12
1902 36
1903 40
1904 26 31
1905 30
1906 36
1907 21
1908 21 41
1909 5 14 17
1910 4 8
1911 37
1912 32
1913 21
1914 11 36 40 49
1915 34 42 44
1916 7
1917 26 33
1918 39
1919 22
1920 16 48
1921 1
1922 6 11
1923 9
1924 39
1925 9 13 16 22 28
1926 37
1927 37
1928 16
1929 5 17
1930 5
1931 5
1932 6
1933 17
1934 32
1935 21 26
1936 11
1937 34 44
1938 4 39
1939 48
1940 48
1941 13 22
1942 3
1943 1 19
1944 20
1945 11 38 39
1946 7
1947 6 38
1948 9 28
1949 27
1950 27
1951 48
1952 36
1953 6
1954 8 13 33 39
1955 50
1956 23
1957 20
1958 6 44
1959 4 38
1960 23 42
1961 20
1962 10
1963 15
1964 7 14 18 23 40
1965 48
1966 17 20
1967 9
1968 7 9
1969 9 46
1970 16 28 32
1971 4 8 32
1972 3 35
1973 28 37 42
1974 10 32 42
1975 19 32 41 49
1976 1
1977 29
1978 41
1979 47
1980 49
1981 26 34 39
1982 6
1983 28 35
1984 26
1985 32
1986 8
1987 29
1988 44
1989 44
1990 7 9 23
1991 7 9 14 19
1992 29
1993 7
1994 18
1995 40
1996 46
1997 23
1998 14 23
1999 3
2000 9 49
2001 46
2002 10 13
2003 3 28
2004 10 25 28
2005 44
2006 35
2007 16 28 37
2008 44
2009 12
2010 4
2011 16
2012 43
2013 8 16 33
2014 3 31
2015 20
2016 20 46
2017 31
2018 31
2019 3
2020 40 49
2021 49
2022 36
2023 19
2024 6 40
2025 6
2026 19 23
2027 10 34
2028 48
2029 46
2030 28
2032 5 17 20
2033 44
2034 13 14 21 34
2035 48
2036 17 48
2037 42
2038 8 28 37 38
2040 7 29
2041 14 23
2042 6 44
2043 23 48
2044 3 9 23 29 38
2045 36
2046 35
2047 5 19 46
2048 27
2049 24 46
2050 34
2051 34
2052 7 9 14 38
2053 11 15
2054 3
2055 37
2056 14 16 29
2057 35
2058 33
2059 4 8
2060 16
2061 28
2062 34 36
2063 42
2064 30
2065 46
2066 28 35 42
2067 13 41
2068 6
2069 6
2070 42
2071 40
2072 19
2073 3
2074 37
2075 30
2076 4
2077 8
2078 23
2079 23
2080 10 14 16 18 23 24 38
2082 7 14 23
2083 27
2084 26 47
2085 21 24
2086 46
2087 30 45
2088 22
2089 28 42
2090 38
2091 6
2092 45
2093 10
2094 16 21 40
2095 16
2096 21 24
2097 13 32 42
2098 32 42
2099 42 44
2100 9 14 18 22 40
2101 33
2102 9
2103 14 18 40 49
2104 14 40 49
2105 32 37
2106 41
2107 32 49
2108 32 38 41 49
2109 32 49
2110 49
2111 40 49
2112 19 23 41 49
2113 6
2114 41
2115 32 35 37
2116 7 27 39
2117 17
2118 24 26
2119 6 34 44
2120 6 19
2121 28 32 41 42
2122 9
2123 14 23
2124 23
2125 23
2126 9
2127 39 48
2128 24
2129 26
2130 27
2131 32
2132 41
2133 11
2134 5
2135 31
2136 27
2137 9
2138 7 23
2139 41
2140 48
2141 35
2142 14 16 19
2143 34 44
2144 9
2145 13 30
2146 2 22 38 47
2147 7 49
2148 29 42
2149 36
2150 7 16 37
2151 4 35
2152 8 37
2153 6 44
2154 4 8 28
2155 23
2156 30
2157 24 40
2158 37
2159 11
2160 13 46
2161 34
2162 17
2163 34
2164 10 21
2165 24 48
2166 5 17 28
2167 19
2168 10 26
2169 24
2170 16
2171 43
2172 13 20 26 28 31 42
2173 42
2174 10
2175 27
2176 7 14 23 40
2177 19
2178 46
2179 34 44
2180 5 7 23 40 43
2181 14 18
2182 32
2183 10
2184 17
2185 5
2186 30
2187 3 24 31
2188 7 14 37
2189 40 41
2190 6
2191 48
2192 13 22 44
2193 11
2194 2 6
2195 26
2196 13
2197 12 32
2198 45
2199 3
2200 4 8
2201 22 44
2202 13
2203 14 26
2204 26
2205 14 18 19
2206 46
2207 41
2208 23 48
2209 14 18 40
2210 14 23 46
2211 32
2212 35 42
2213 27
2214 14 18
2215 15 35
2216 22
2217 6 19
2218 6
2219 25
2220 19 42
2221 48
2222 3
2223 13 40 49
2224 10
2225 19
2226 9 13 14
2228 16
2229 29 46
2230 4 8 24 42
2231 4 8 39
2232 37 41
2233 14 18 40
2234 14
2235 9 14 23
2236 2
2237 35
2238 13
2239 4 8
2240 13 31
2241 36
2242 30
2243 14
2244 41
2245 38
2246 44
2247 6
2248 20
2249 9
2251 30 46
2252 6
2253 38
2254 36
2255 10 14 18
2256 10 35 41
2257 21
2258 32 37 38
2259 13
2260 7 16 23 48
2261 23
2262 13 28
2263 15
2264 34
2265 6 34
2266 23 29
2267 26 33 34
2268 22
2269 47
2270 31
2271 27
2272 46
2273 13 24 36
2274 44
2275 17 34
2276 7
2277 11 44
2278 44
2279 26 34
2280 4 8 12 16 38 39 44
2281 40 49
2282 48
2283 3
2284 12 16 22 25 47
2285 9 10
2286 9
2287 23
2288 14 18 23
2289 49
2290 26 44
2291 30
2292 8 40
2293 10 20
2294 22
2296 26
2297 19
2298 13 28
2299 40
2300 17 26 44
2301 20 31 46
2302 6
2303 19 23 28
2304 16 46 50
2305 19
2306 11
2307 42
2308 9 11
2309 23 46 49
2310 48
2311 27
2312 3 11
2313 6
2314 6 24 38
2315 33 34
2316 4
2317 6 44
2318 6
2319 8 20 46
2320 15 20
2321 3 16
2322 38
2323 8
2324 8 25
2325 35 47
2326 40
2327 27
2328 28
2329 37
2330 42
2331 4
2332 46
2333 18
2334 19 29
2335 5 17 46
2336 24 28 32 38 42
2337 9 20 28 35
2338 20
2339 2 19
2340 13 28 42
2341 8
2342 15 24
2343 19
2344 26 34 44
2345 6
2346 34 44
2347 24
2348 16
2349 11 39
2350 35
2351 40 41 43
2352 32
2353 14 15 28 42
2354 31
2355 5 35
2356 3 13 28
2357 9
2358 19 30 39
2359 46
2360 17
2361 6 41 45
2362 23 38 43
2363 40 45
2364 3 20
2365 10 27
2366 5
2367 17
2368 4 8 28
2369 37
2370 25
2371 30
2372 19
2373 19 47
2374 7
2375 22 41
2376 23 27
2377 13 22
2378 20 31
2379 11 30
2380 7 14 16 23 24 41
2381 9
2382 41
2383 4 38
2384 8
2385 46
2386 44
2387 40
2388 26
2389 27
2390 16
2391 35
2392 48
2393 5
2394 11 14 19
2395 3 46
2396 6 32 36
2397 11 28 38
2398 36
2399 18 24
2400 35
2401 41
2402 27 34
2403 42
2404 14 18
2405 30
2406 35
2407 10
2408 3 11
2409 4
2410 41
2411 9
2412 23
2413 14
2414 4
2415 24 31 46
2416 4 7
2417 34 44
2418 9 10 14 23 29
2419 47
2420 4 12 16
2421 43
2422 28
2423 25 32 41 42
2424 7
2425 7 9 16 28
2426 36
2427 32
2428 5
2429 46
2430 3
2431 29
2432 9 16 28 40 49
2433 11
2434 3 28
2435 8 16 39 48
2436 48
2437 32 35
2438 11 13
2439 35
2440 11
2441 48
2442 46
2443 8 19
2444 7 37 42
2445 8 32
2446 13 43
2447 34
2448 19
2449 36 43
2450 43
2451 41
2452 3
2453 33
2454 13 34
2455 16 39
2456 7 23
2457 28
2458 20 22 42
2459 14 18
2460 28 30 42
2461 7 13 16 22 37
2462 21
2463 22
2464 10
2465 10 31
2466 6 35 38
2467 34
2468 26
2469 34
2470 28 42
2471 32 47
2472 12
2473 10
2474 12 47
2475 3
2476 11
2477 9 19
2478 31
2479 20 24 46
2480 34
2481 46
2482 44
2483 13 28 37 42 50
2484 10
2485 6
2486 26
2487 7
2488 35
2489 13 26
2490 13 14 18
2491 26
2492 31
2493 26
2494 14 26
2495 26
2497 11
2498 3 26 31
2499 2
2500 32
2501 39
2502 40
2503 5 17 20
2504 42
2505 30
2506 20 31 42
2507 9
2508 7 18
2509 32 35 49
2510 21
2511 3 20
2512 29
2513 3
2514 37
2515 3 8 38
2516 19
2517 3
2518 11 27
2519 8 10 46
2520 4 8 24
2521 11
2522 16
2523 34
2524 10
2525 44
2526 2
2527 8
2528 26 27
2529 9
2530 6 44
2531 6 44
2532 31
2533 4 8
2534 4 8
2535 10 48
2537 14 29
2538 45
2539 10
2540 6
2541 6
2542 26 34
2543 19
2544 46
2545 44
2546 49
2547 3 31
2548 9
2549 8 42
2550 8
2551 29
2552 32
2553 31
2554 3
2555 7 9
2556 20 22
2558 41
2559 19 41 46
2560 5
2561 43 44
2562 10 16 28 29 32 38
2563 2 15 16 24
2564 33
2565 8 16 24 38
2566 26
2567 5 7 46
2568 35
2569 36
2570 4 8 9 16 29 32 38 42
2571 18 23
2572 7 9
2573 4 8
2574 18
2575 14
2576 23
2577 3 8 31
2578 31
2579 23 26
2580 26
2581 37 39
2582 3
2583 13 26 38
2584 9
2585 5 17
2586 17 20
2587 6 7 23
2588 42
2589 10 26 27 34
2590 5
2591 18 23
2592 44
2593 32
2594 7
2595 42
2596 3 20
2597 5
2598 3 20 31
2599 19 28 39
2600 21 26 33 34 44
2601 16
2602 32 37
2603 14 18
2604 14 18
2605 20
2606 14 16 18
2607 14 21
2608 20 46
2609 14 18
2610 6 41
2611 6 11
2612 34
2613 13 15 19 28 42
2614 22 41
2615 31
2616 24
2617 22
2618 14 18 48
2619 11
2620 41
2621 26 44
2622 23
2623 30
2624 9 10 19 23 25 38 47
2625 9 10 11 23 24 39
2626 9 24 34
2627 13 44
2628 46
2629 20 31
2630 7
2631 32
2632 34 44
2633 39 42
2634 3 16 28
2635 13 23
2636 28
2637 35
2638 10 46
2639 19
2640 41
2641 8
2642 26
2643 39
2644 48
2645 34
2646 5 17
2647 34
2648 48
2649 13 27
2650 6
2651 27
2652 23 25 29 49
2653 3
2654 27 41
2655 20
2656 8 9 11 19 20 24 40 46
2657 34
2658 39
2659 11
2660 34 44
2661 17 20
2662 27
2663 32 35
2664 11
2665 38
2666 27
2667 14
2668 41
2669 13 40
2670 14 44 50
2671 42
2672 10 46
2673 41
2674 11 20
2675 35
2676 35 49
2677 38
2678 46
2679 31
2680 21
2681 27
2682 6 34 44
2683 48
2684 10
2685 20 46
2686 23 34 38 45
2687 30
2688 14 23
2689 24
2690 23
2691 24
2692 32
2693 43
2694 10
2695 42 46
2696 10
2697 35
2698 22
2699 11 20
2700 9 16 29
2701 31
2702 31
2703 41
2704 38
2705 3
2706 3 6
2707 35
2708 32 42
2709 36
2710 37
2711 35
2712 35
2713 10
2714 24
2715 4 35
2716 43
2717 27 42
2718 4
2719 9
2720 22
2721 30 35
2722 21
2723 31 42 46
2724 40
2725 35 39
2726 22 40
2727 14 18
2728 22 38 40
2729 29
2730 38 49
2731 28 37
2732 40
2733 6
2734 34
2735 12 48
2736 9 37
2737 7 14 16 27
2738 39
2739 15
2740 40
2741 9
2742 6
2743 45
2744 17
2745 9
2746 32
2747 3
2748 16 21 25 28 32 42 50
2749 1 10
2750 28
2751 41
2752 4 8
2753 41
2754 4 8 29
2755 35 41 48
2756 30
2757 11
2758 4 5 8 17
2759 11 31
2760 21
2761 15
2762 46
2763 26
2764 25 32 38
2765 10
2766 7 23 24 40 45
2767 20 28 30 42
2768 25 37 41
2769 10
2770 31
2771 7 32
2772 29 43
2773 41
2774 27
2775 33
2776 38
2777 23 41
2779 16 32
2780 3 31
2781 23
2782 7 14 16 29
2783 7 14 18 23 32
2784 7 16 23 38
2785 7 9 16
2786 21 39
2787 34 44
2788 26
2789 10 25
2790 46
2791 19
2792 30
2793 11 42
2794 3
2795 14 18
2796 22
2797 9
2798 14
2799 27 34 44
2800 10 13 22 43
2801 10
2802 13 34
2803 36 42
2804 26
2805 11
2806 34 44
2807 30 44
2808 9
2809 4 8 10 16 24 28
2810 6
2811 7 14
2812 16 24
2813 16 28
2814 13 34 41
2815 16 21
2816 41
2817 16
2818 26
2819 48
2820 8 39
2821 42
2822 30
2823 23
2824 21
2825 40
2826 7
2827 6
2828 26 46
2829 37
2830 7 10
2831 3 20 31
2832 9 32
2833 44
2834 6 23 43
2835 7
2836 42
2837 6 44
2838 44
2839 28 42
2840 3 31
2841 16 48
2842 44
2843 30
2844 46
2845 14
2846 18
2847 9
2848 28
2849 12 47
2851 20 31
2852 13 28 43
2853 48
2854 22 28 42
2855 37
2856 9
2857 3
2858 19 38 39
2859 7 14 16 24 38 46
2860 19
2861 1 28
2862 46
2863 7 12
2864 39
2865 32 47
2866 34 44
2867 26
2868 46
2869 4
2870 8 28 35
2871 11
2872 50
2873 31
2874 4
2875 41
2876 5 13 17 20 22 39
2877 3 20 31
2878 20 31
2879 49
2880 37
2881 23
2882 4 8
2883 32
2884 39
2885 14
2886 3 20 41
2887 40 47
2888 13 21
2889 6 12 32 37 44
2890 10 12 35 47
2891 4 9
2892 41
2893 27
2894 46
2895 41 48
2896 9 19
2897 26
2898 35 41
2899 44
2900 13
2901 43
2902 41
2903 29 42
2904 28 41 42
2905 6
2906 4 8 24
2907 11
2908 10 41
2909 9 25 29
2910 19
2911 7 29 46
2912 7 16 19 23 29 38
2913 7 10 16 38
2914 23
2915 20 44
2916 4
2917 9 23 29
2918 23
2919 14 18
2920 3 35
2921 15
2922 44
2923 9
2924 8 30 38 48
2925 8
2926 19 23
2927 3 11 40 49
2928 16 29 32 40
2929 29
2930 6 44
2931 40 49
2932 14 40 49
2933 23
2934 14 16 19 28 32 40
2935 19 38
2936 14 16
2937 16 23 29 38
2938 36
2939 41
2940 10
2941 36
2942 27
2943 41
2944 14 18
2945 8
2946 43
2947 6 44
2948 6 34 44
2949 46
2950 4 9
2951 3 20 31
2952 26
2953 20 23
2954 21
2955 19
2956 32 37
2957 3 31
2958 27 49
2959 20 37
2960 16
2961 4 8 9 28
2962 38
2963 9 38
2964 7 24 32 40 49
2965 40
2966 40
2967 11 13
2968 34
2969 34 38
2970 34 44
2971 48
2972 3 20 40
2973 13 28 31
2974 30
2975 41
2976 36
2977 34
2978 39
2979 15
2980 42
2981 10
2982 46
2983 50
2984 16 28
2985 19 28
2986 44
2987 35
2988 7 10 16
2989 6 14
2990 3 31
2991 11 13 21 24
2992 5 48
2993 8
2994 4
2995 12
2996 40
2997 14 29
2998 24
2999 6 7 36
3000 8 14 23
3001 14 18
3002 6 34 44
3003 10 48
3004 31
3005 38
3006 23 43
3007 12 28 37
3008 8 37
3009 30 43
3010 13 43
3011 17 20 24 31
3012 20 31
3013 11
3014 43
3015 21
3016 3 26 31
3017 7
3018 22
3019 7 14 23 44
3020 4 8 11 46
3021 46
3022 10
3023 32 41 49
3024 10
3025 9 13 28 33 42
3026 27
3027 41
3028 28
3029 5 17
3030 9
3031 3
3032 5 49
3033 3
3034 40
3035 2 38
3036 16 19 38
3037 9 32
3038 6 34 44
3039 7 10 13 14 16 28 34 35 38 43
3040 23
3041 21
3042 4
3043 14 32 41
3044 4
3045 26
3046 26 31
3047 31 38
3048 6 41
3049 35 37
3050 26 30 31
3051 50
3052 21
3053 3 42
3054 36
3055 40 49
3056 20 39
3057 10 14 46
3058 31
3059 19
3060 26
3061 19 46
3062 28
3063 6
3064 44
3065 13 36
3066 2 7 16 23 29
3067 10
3068 24
3069 37
3070 47
3071 48
3072 20
3073 48
3074 32
3075 30
3076 3
3077 46
3078 31
3079 19
3080 13 37 39 41
3081 41
3082 1
3083 11
3084 49
3085 17
3086 48
3087 3 31
3088 5 11 15
3089 22 28
3090 14 18
3091 28
3092 14 23
3093 16 40
3094 31
3095 9
3096 3 26 31
3097 27
3098 19 30
3099 39
3100 8 44
3101 41
3102 7 14 18
3103 9 46
3104 6
3105 37
3106 21
3107 30
3108 48
3109 43
3110 23
3111 46
3112 13
3113 14 18
3114 4 8
3115 4 8
3116 31
3117 3 20 35 40 46
3118 3 4 8 28
3119 24
3120 8
3121 13
3122 14 23 41
3123 20
3124 23
3125 16 23 48
3126 6
3127 46
3128 4
3129 2
3130 13
3131 7 11 41
3132 16
3133 27 31
3134 46
3135 13
3136 36
3137 19 41 49
3138 4 8
3139 27
3140 14
3141 19
3142 17 30
3143 6
3144 35 49
3145 11 20 24
3146 40
3147 7 28 37 42
3148 45 48
3149 45
3150 31
3151 3 31
3152 31
3153 14
3154 8
3155 11 48
3156 13
3157 34 44
3158 14
3159 48
3160 21 23 26 33
3161 5 11
3162 30
3163 6
3164 24
3165 30
3166 5 46
3167 4 8 46
3168 30
3169 20 31
3170 33
3171 27
3172 36
3173 24
3174 9
3175 11 46
3176 3 20 31
3177 33
3178 8 42
3179 3 21
3180 34
3181 9 29
3182 7 9 14 23 45
3183 19 23 29 43 45
3184 7 9 14 18 23 29
3185 27 36
3186 23 43
3187 7 14 16 23 24 28 29 32 38 40
3188 44
3189 49
3190 1
3191 24 25 32
3192 7
3193 15
3194 9 33
3195 13 22 33 46
3196 11 28 42
3197 6
3198 21 38
3199 26
3200 41
3201 31 40
3202 12
3203 33
3204 17 38
3205 11 28 37
3206 34
3207 27
3208 19 35
3209 35
3210 35 40 41
3211 35 41
3212 10
3213 7 14 16
3214 7 9 19 29
3215 29 43 46
3216 10 35
3217 8 35
3218 30 48
3219 35
3220 42
3221 1 28
3222 6
3223 41
3224 28 48
3225 42
3226 24
3227 10
3228 7 23
3229 4 5 17
3230 20
3231 6
3232 20 31
3233 11
3234 39
3235 34 44 48
3236 10 31 38
3237 40 41 49
3238 4 8
3239 35
3240 9 14
3241 41
3242 44
3243 13 20 22 39
3244 13 22 39
3245 17 20
3246 28 32 38 42
3247 34 44
3248 8 20 49
3249 23
3250 9 16 19 29
3251 34
3252 7 9 16 18 23 29
3253 37 41 44
3254 9 14 19 23 46
3255 2 37
3256 3 31
3257 2
3258 2 8 16 19 32 46
3259 16 19
3260 37 44
3261 14 29
3262 34
3263 4
3264 33
3265 14
3266 41
3267 31
3268 8 31
3269 31
3270 3 13 28
3271 27
3272 6
3273 30
3274 48
3275 35
3276 13
3277 42
3278 35
3279 13
3280 9 47 50
3281 40
3282 2 37
3283 41
3284 19
3285 27
3286 2 9 10 16 19 24 38
3287 15
3288 7 16
3289 19
3290 20 39 48
3291 2 9
3292 6
3293 35
3294 20 46
3295 46
3296 27
3297 7 40 43
3298 32
3299 27
3300 43
3301 50
3302 41
3303 4 8 39
3304 11
3305 19
3306 35
3307 10 48 49
3308 41
3309 34
3310 41
3311 6 41
3312 34
3313 10
3314 19
3315 48
3316 6
3317 16 39
3318 11
3319 9
3320 3 4 8 35
3321 10 28 42
3322 26 33
3323 34
3324 26
3325 26
3326 26
3327 6 41
3328 11
3329 3
3330 48
3331 27
3332 38
3333 6 34 44
3334 1 11
3335 43
3336 23
3337 37
3338 13 15 42
3339 6 21
3340 27
3341 2 6
3342 7 9 10 16 19 23
3343 27 34
3344 20 26
3345 16
3346 11
3347 14
3348 28
3349 4 10 23
3350 7 16 19 23 32
3351 7 9 14 16 18 19 29
3352 9
3353 39
3354 36
3355 28
3356 14 18 23 39
3357 31
3358 32
3359 3
3360 15 31
3361 32 40 49
3362 31
3363 3 31
3364 2
3365 31
3366 31
3367 11
3368 24
3369 31
3370 28
3371 18
3372 31
3373 26 46
3374 27
3375 10 25 47
3376 4 8 14 23 40
3377 8
3378 5 46
3379 29
3380 43
3381 41
3382 46
3383 4
3384 48
3385 7 9 10 19
3386 11
3387 19 30
3388 34 42 44
3389 41
3390 26 34
3391 9 32 42
3392 32 35
3393 28 46
3394 15
3395 32
3396 17
3397 34 38 44
3398 24
3399 6 11 44
3400 8 26 34 44
3401 8 9 44
3402 36 38
3403 11 42
3405 26
3406 2 8 41
3407 6
3408 6 34 44
3409 4 8 13 37
3410 33
3411 6
3412 33 34
3413 21
3414 35
3415 21
3416 46
3417 40 46 49 50
3418 46
3419 11
3420 9 22
3421 32 35
3422 30
3423 3 5 13 17 20 31 42 46
3424 13
3425 28
3426 20 46
3427 15 27
3428 7 19 23 38
3429 5 17 37
3430 22
3431 34
3432 10
3433 21 26
3434 43
3435 40
3436 13 22 35 39
3437 37 38
3438 35 38
3439 17 27
3440 31
3441 26
3442 4
3443 35
3444 40
3445 11
3446 13 28 42
3447 4 8 24
3448 42
3449 6 31
3450 9 16
3451 16 32
3452 23
3453 44
3454 6
3455 36
3456 4 7 24 40
3457 3 9 14 30
3458 30
3459 7
3460 31
3461 7 16 19
3462 11 35 42 46
3463 20
3464 7 32
3465 35 43
3466 6 41
3467 28 37
3468 5 8 17 31
3469 6 34
3470 3 31
3471 48
3472 16 32
3473 4 5 8 17 28
3474 3 31
3475 27
3476 13 15 38 39 46
3477 27
3478 6 35 38 49
3479 26 34 44
3480 13 43
3481 3
3482 10 18
3483 48
3484 9
3485 29
3486 15
3487 11 31
3488 15 26 34
3489 16 19 49
3490 7 16 19 22 28 32 40 45
3491 46
3492 3 10 16 32 38
3493 46
3494 1
3495 10 27
3496 27
3497 7 37
3498 10 13 28 38 43
3499 3 15 24 35 38
3500 24
3501 46
3502 10
3503 20 31
3504 6
3505 12 28 42 44
3506 10 24 29
3507 10
3508 7 29 40
3509 4 8 35
3510 11
3511 7 10 16
3512 4 8 49
3513 37 39
3514 37
3515 6
3516 16 24
3517 26 31 42
3518 15
3519 34 42 44
3520 27
3521 7 16 23 29
3522 27
3523 27
3524 24 27
3525 27
3526 27 31
3527 34 44
3528 27
3529 27
3530 14 39
3531 1 21
3532 24
3533 49
3534 49
3535 7 19
3536 40 49
3537 20
3538 16 19
3539 44
3540 8 40
3541 24
3542 21
3544 16
3545 38
3546 10 16 21 22 24 28 38
3547 43
3548 28 40
3549 31
3550 9 40 49
3551 49
3552 27
3553 23 38
3554 40 49
3555 25
3556 23
3557 26
3559 4 42
3560 30
3561 9 13 14 27
3562 9
3563 23
3564 30
3565 4 8
3566 10
3567 9 23 29
3568 41
3569 10
3570 46
3571 23
3572 24 40 49
3573 40
3574 13 26
3575 49
3576 40
3577 11
3578 13 19 21 28 42
3579 11
3580 38
3581 48
3582 41
3583 26 44
3584 11
3585 34 44
3586 30
3587 10 34
3588 27
3589 43
3590 30 44
3591 45
3592 26 34 44
3593 45
3594 27
3595 27
3596 26
3597 26
3598 47
3599 12
3600 3
3601 14 17
3602 30
3603 33
3604 5 17
3605 48
3606 46
3607 18
3608 10
3609 40
3610 26
3611 26
3612 26 44
3613 26
3614 26
3615 3
3616 7 16 38
3617 19
3618 11
3619 24
3620 10 19
3621 31
3622 32
3623 32
3624 28 32
3625 11
3626 21
3627 10 14 23 29 32 38 46
3628 39
3629 27
3630 10 25 35 38 45
3631 20
3632 6
3633 10 27
3634 41
3635 4 35
3636 42
3637 23
3638 12 47
3639 26
3640 31
3641 34 44
3642 31
3643 31
3644 31
3645 15 31
3646 31
3647 1
3648 31
3649 31
3650 48
3651 27 36
3652 24
3653 40 42 49
3654 44
3655 16 22 28
3656 21
3657 11
3658 25
3659 7 29
3660 43
3661 5
3662 24 44
3663 4 8
3664 33
3665 28 42
3666 6
3667 35
3668 7 15
3669 16
3670 18
3671 34
3672 35
3673 13 35 43
3674 6 9
3675 9 35
3676 30
3677 10
3678 28
3679 19
3680 6
3681 9
3682 35
3683 6
3684 36
3685 6 30 34 42 43 44
3686 48
3687 28 40 49
3688 8 33 34 44
3689 4 35
3690 30
3691 6
3692 3 27
3693 26 27
3694 14
3695 11
3696 11 38
3697 21
3698 21
3699 13
3700 19 43
3701 40 49
3702 39
3703 2 16 32 39
3704 45
3705 49
3706 26
3707 23
3708 34
3709 35
3710 21
3711 10 27
3712 27
3713 17 27
3714 4
3715 35
3716 10 16 32 38 39
3717 27 38
3718 7 13 14 16
3719 21
3720 7
3721 5 11
3722 10 13 21 28 42
3723 14 29 38
3724 7
3725 41
3726 34
3727 11
3728 4 8 24
3729 4 8 10 16 19
3730 6
3731 6 30 44
3732 41
3733 5 17
3734 6 13 24
3735 46
3736 4 9 13 16 28 35 37
3737 30
3738 1
3739 24
3740 6
3741 42
3742 30
3743 21
3744 4
3745 47
3746 20
3747 11
3748 31 33
3749 3 8
3750 27 31
3751 16 24
3752 34 44
3753 39
3754 11
3755 38
3756 37
3757 41 43
3758 11
3759 8
3760 9
3761 30 48
3762 43
3763 23
3764 34
3765 26
3766 24
3767 19 30
3768 21
3770 21
3771 28
3772 48
3773 4 8
3774 36
3775 20
3776 9 19 25 37 50
3777 27
3778 40 49
3779 28 32 42
3780 7 40 48 49
3781 4 8 10 43
3782 36
3783 14
3784 39
3785 20
3786 46
3787 36
3788 26
3789 5
3790 1
3791 40 46 49
3792 24
3793 9 33
3794 34
3795 34
3796 2 37 41
3797 10 27
3798 27
3799 41
3800 3
3801 26 34
3802 27 34
3803 34 44
3804 11 36
3805 4
3806 27
3807 27
3808 42 49
3809 48
3810 24 40
3811 7
3812 11
3813 18
3814 17 24
3815 26
3816 34 44
3817 16
3818 2
3819 35
3820 27
3821 5
3822 21 34 44
3823 27
3824 11 13 24 34
3825 2 48
3826 48
3827 33
3828 28 42
3829 15
3830 11 38
3831 10 42
3832 34
3833 35
3834 15 42
3835 4 41
3836 34
3837 6 41
3838 13 15
3839 3 13
3840 19
3841 42
3842 23 35 50
3843 39 41
3844 26 27
3845 44
3846 4
3847 32 35
3848 14 18 23 29
3849 46
3850 9
3851 32
3852 41
3853 32
3854 8 19
3855 39
3856 15 40
3857 32
3858 37
3859 4 41
3860 39
3861 35
3862 39
3863 41
3864 20 28
3865 26
3866 9
3867 6
3868 27
3869 9 14 18 38
3870 4 7
3871 7 37 44
3872 26
3873 26
3874 34 42
3875 32
3876 1 21
3877 27
3878 48
3879 42
3880 36
3881 24 26 44
3882 49
3883 19
3884 6
3885 2 35
3886 26
3887 4 8 21
3888 34 38
3889 37
